0.000000000000000000e+00 -1.635684307099308787e-01
6.141921121387669720e-03 -1.255363426711998687e-02
1.228384224277533944e-02 2.302400802239142896e-01
1.842576336416301003e-02 8.634595718097951011e-03
2.456768448555067888e-02 1.142727592790052787e-01
3.070960560693834773e-02 1.882643674973787096e-01
3.685152672832602005e-02 3.004422514681137635e-01
4.299344784971368544e-02 4.157778193305936010e-02
4.913536897110135776e-02 1.981481749726805575e-01
5.527729009248903008e-02 5.008088638191510178e-01
6.141921121387669547e-02 2.439385105598066150e-01
6.756113233526436779e-02 3.188081592731070724e-01
7.370305345665204011e-02 5.381039364153512583e-01
7.984497457803971243e-02 5.255816743474595043e-01
8.598689569942737088e-02 6.636634484939029077e-01
9.212881682081504320e-02 5.720951034529930812e-01
9.827073794220271552e-02 6.480347728613149449e-01
1.044126590635903878e-01 6.365290627207174090e-01
1.105545801849780602e-01 7.899705740980378366e-01
1.166965013063657186e-01 7.838287894804081279e-01
1.228384224277533909e-01 5.986100953385170564e-01
1.289803435491410633e-01 6.883050272664963387e-01
1.351222646705287356e-01 8.544113959882583265e-01
1.412641857919164079e-01 7.795491720094791521e-01
1.474061069133040802e-01 7.823231526283196402e-01
1.535480280346917525e-01 8.021198529299020663e-01
1.596899491560794249e-01 8.129911502959998870e-01
1.658318702774670694e-01 9.067992723926582288e-01
1.719737913988547418e-01 9.175771484862599303e-01
1.781157125202424141e-01 8.028217856224515447e-01
1.842576336416300864e-01 6.359209893010517867e-01
1.903995547630177587e-01 8.560252230386011796e-01
1.965414758844054310e-01 9.292002396810375986e-01
2.026833970057931034e-01 1.033130755845757864e+00
2.088253181271807757e-01 9.981565974142879716e-01
2.149672392485684480e-01 1.053326631846239980e+00
2.211091603699561203e-01 1.010282106320630202e+00
2.272510814913437927e-01 1.176359751409155496e+00
2.333930026127314372e-01 1.004910923279517698e+00
2.395349237341191095e-01 1.042555754184941508e+00
2.456768448555067819e-01 7.950482915055915312e-01
2.518187659768944542e-01 9.255705294389798832e-01
2.579606870982821265e-01 1.012537893782703868e+00
2.641026082196697988e-01 8.299446264530744299e-01
2.702445293410574712e-01 9.736800214807327380e-01
2.763864504624451435e-01 1.111715091702646818e+00
2.825283715838328158e-01 9.317252595973416485e-01
2.886702927052204881e-01 9.752645299891845587e-01
2.948122138266081604e-01 1.049098266033428262e+00
3.009541349479958328e-01 1.004806573828460392e+00
3.070960560693835051e-01 9.740956332233288162e-01
3.132379771907711774e-01 9.612532660873340795e-01
3.193798983121588497e-01 7.816736705345342928e-01
3.255218194335465220e-01 8.507074028697904078e-01
3.316637405549341389e-01 9.049572980015458956e-01
3.378056616763218112e-01 6.523274608841412858e-01
3.439475827977094835e-01 7.247174631391591904e-01
3.500895039190971558e-01 8.309061785745199824e-01
3.562314250404848281e-01 9.280396293289356890e-01
3.623733461618725005e-01 6.969314130848575095e-01
3.685152672832601728e-01 7.006865297653844804e-01
3.746571884046478451e-01 5.075749356660708145e-01
3.807991095260355174e-01 6.965352657511281187e-01
3.869410306474231898e-01 5.740286166398296253e-01
3.930829517688108621e-01 6.573479386610836528e-01
3.992248728901985344e-01 6.296554984655993170e-01
4.053667940115862067e-01 5.710681826989406629e-01
4.115087151329738790e-01 6.407502392480229902e-01
4.176506362543615514e-01 5.503775456101255292e-01
4.237925573757492237e-01 4.553447210012405710e-01
4.299344784971368960e-01 2.844245895635406640e-01
4.360763996185245683e-01 3.735932958471293031e-01
4.422183207399122407e-01 2.757929993713624239e-01
4.483602418612999130e-01 1.859397756039339877e-01
4.545021629826875853e-01 3.884458120826994043e-01
4.606440841040752021e-01 2.964720892484298820e-01
4.667860052254628744e-01 3.444502779664018743e-02
4.729279263468505468e-01 -3.759246251919959314e-02
4.790698474682382191e-01 1.694737723285205389e-01
4.852117685896258914e-01 1.160527865175427914e-01
4.913536897110135637e-01 -4.175575084260266245e-03
4.974956108324012360e-01 -1.057581438573579197e-01
5.036375319537889084e-01 4.020356680462231630e-02
5.097794530751765807e-01 -8.350107046746041428e-02
5.159213741965642530e-01 -1.451064600465078458e-01
5.220632953179519253e-01 -2.158403472045824500e-01
5.282052164393395977e-01 -6.581357541691730539e-02
5.343471375607272700e-01 -5.069098935381165516e-01
5.404890586821149423e-01 -3.272416094707851220e-01
5.466309798035026146e-01 -2.824428153316035361e-01
5.527729009248902869e-01 -4.866155334016696310e-01
5.589148220462779593e-01 -2.139615779463010237e-01
5.650567431676656316e-01 -4.061556053146064826e-01
5.711986642890533039e-01 -4.275103915170803681e-01
5.773405854104409762e-01 -4.209782376280023497e-01
5.834825065318286486e-01 -6.580732607614818708e-01
5.896244276532163209e-01 -4.002338554281144045e-01
5.957663487746039932e-01 -7.251815550129231402e-01
6.019082698959916655e-01 -5.993445834999167054e-01
6.080501910173793378e-01 -5.427817338826517179e-01
6.141921121387670102e-01 -7.212056380343419004e-01
6.203340332601546825e-01 -6.396280688757325361e-01
6.264759543815423548e-01 -7.253666237471884104e-01
6.326178755029300271e-01 -7.568201001689407459e-01
6.387597966243176995e-01 -7.588187243608236487e-01
6.449017177457053718e-01 -7.435858480721554420e-01
6.510436388670930441e-01 -7.993226478118843348e-01
6.571855599884806054e-01 -8.330744565585420647e-01
6.633274811098682777e-01 -7.930230859184889125e-01
6.694694022312559500e-01 -9.024340999425862764e-01
6.756113233526436224e-01 -9.238300487521765580e-01
6.817532444740312947e-01 -1.009075615228660183e+00
6.878951655954189670e-01 -8.720244879537341065e-01
6.940370867168066393e-01 -9.679430097085776064e-01
7.001790078381943117e-01 -9.058429332572603965e-01
7.063209289595819840e-01 -8.396487134419804432e-01
7.124628500809696563e-01 -1.013927491221261024e+00
7.186047712023573286e-01 -9.855437369589922225e-01
7.247466923237450009e-01 -9.712481012770330935e-01
7.308886134451326733e-01 -1.082843759899310143e+00
7.370305345665203456e-01 -1.167793570533008030e+00
7.431724556879080179e-01 -9.474622976130722130e-01
7.493143768092956902e-01 -1.049253993595593570e+00
7.554562979306833626e-01 -1.019592679900786392e+00
7.615982190520710349e-01 -1.011300513182435745e+00
7.677401401734587072e-01 -1.007727170876337563e+00
7.738820612948463795e-01 -1.001709455033494400e+00
7.800239824162340518e-01 -9.948824025182623210e-01
7.861659035376217242e-01 -8.326924413819625226e-01
7.923078246590093965e-01 -8.579571199037954177e-01
7.984497457803970688e-01 -1.154438319515146860e+00
8.045916669017847411e-01 -8.014548161620469457e-01
8.107335880231724135e-01 -7.391369126000552070e-01
8.168755091445600858e-01 -8.138840964531532940e-01
8.230174302659477581e-01 -9.666666125915154284e-01
8.291593513873354304e-01 -7.180503758155940552e-01
8.353012725087231027e-01 -9.185139757347741130e-01
8.414431936301107751e-01 -8.996948026035086476e-01
8.475851147514984474e-01 -9.174834536955305264e-01
8.537270358728861197e-01 -7.364492002299070084e-01
8.598689569942737920e-01 -8.419730833093790334e-01
8.660108781156614643e-01 -7.850793719136339721e-01
8.721527992370491367e-01 -6.506257054266949558e-01
8.782947203584368090e-01 -6.110131361250253912e-01
8.844366414798244813e-01 -7.482215981158503171e-01
8.905785626012121536e-01 -6.352480673622417084e-01
8.967204837225998260e-01 -5.933433307870994433e-01
9.028624048439874983e-01 -6.155502179156835396e-01
9.090043259653751706e-01 -5.286512516040923204e-01
9.151462470867628429e-01 -4.648320718651570149e-01
9.212881682081504042e-01 -5.088359636731798474e-01
9.274300893295380765e-01 -5.652522728523398099e-01
9.335720104509257489e-01 -4.518251780081923297e-01
9.397139315723134212e-01 -3.228367221747195925e-01
9.458558526937010935e-01 -3.515362823669595516e-01
9.519977738150887658e-01 -3.628248046077885980e-01
9.581396949364764382e-01 -3.543727344082545638e-01
9.642816160578641105e-01 -1.208848050876443342e-01
9.704235371792517828e-01 -2.764042421488428491e-01
9.765654583006394551e-01 -3.247587139415183954e-02
9.827073794220271274e-01 1.782046856981556182e-02
9.888493005434147998e-01 -1.720136520120532642e-02
9.949912216648024721e-01 -1.274602936571037626e-01
1.001133142786190255e+00 1.155014028344453353e-01
1.007275063907577817e+00 -3.124304176800409699e-02
1.013416985028965600e+00 7.683816358708307759e-02
1.019558906150353161e+00 2.257861683174576251e-01
1.025700827271740945e+00 1.255976416764100767e-01
1.031842748393128506e+00 1.745850256643484699e-01
1.037984669514516289e+00 3.669961209755213116e-01
1.044126590635903851e+00 1.287736526273873250e-01
1.050268511757291412e+00 2.111044823054241681e-01
1.056410432878679195e+00 4.838001673638485656e-01
1.062552354000066757e+00 1.729167587950623530e-01
1.068694275121454540e+00 5.921487577985788953e-01
1.074836196242842101e+00 4.299674219679039400e-01
1.080978117364229885e+00 4.388545940362902353e-01
1.087120038485617446e+00 6.295254627130273395e-01
1.093261959607005229e+00 6.387636044338921293e-01
1.099403880728392791e+00 5.498940557569114151e-01
1.105545801849780574e+00 7.187380903192122084e-01
1.111687722971168135e+00 7.394134236898198820e-01
1.117829644092555919e+00 5.871590347126759424e-01
1.123971565213943480e+00 7.846956446268378293e-01
1.130113486335331263e+00 7.365245642046215346e-01
1.136255407456718824e+00 7.220339166840678002e-01
1.142397328578106608e+00 7.621975540201841870e-01
1.148539249699494169e+00 8.803070713722815910e-01
1.154681170820881952e+00 8.645981652053417177e-01
1.160823091942269514e+00 7.332754969720644000e-01
1.166965013063657297e+00 8.756469578847427826e-01
1.173106934185044858e+00 8.594559870193014817e-01
1.179248855306432642e+00 8.086607855646035237e-01
1.185390776427820203e+00 8.336377984884076886e-01
1.191532697549207986e+00 6.881054538518864838e-01
1.197674618670595548e+00 9.381916309818282285e-01
1.203816539791983331e+00 9.136892443893949167e-01
1.209958460913370892e+00 1.004213772109107339e+00
1.216100382034758676e+00 1.224084641463896839e+00
1.222242303156146237e+00 1.029405657205493041e+00
1.228384224277534020e+00 9.936004993951367270e-01
1.234526145398921582e+00 1.164820664359717206e+00
1.240668066520309365e+00 1.009243836619588608e+00
1.246809987641696926e+00 1.068335572846159653e+00
1.252951908763084710e+00 1.029345079591987400e+00
1.259093829884472271e+00 1.120829456052990558e+00
1.265235751005860054e+00 9.651066744280755172e-01
1.271377672127247616e+00 1.122244489730489736e+00
1.277519593248635399e+00 1.101697637107830197e+00
1.283661514370022960e+00 1.014147866160140632e+00
1.289803435491410744e+00 7.911220491032431301e-01
1.295945356612798305e+00 9.922143431519740986e-01
1.302087277734186088e+00 1.052462465426060811e+00
1.308229198855573649e+00 9.244692117054068570e-01
1.314371119976961211e+00 9.491406578145860085e-01
1.320513041098348994e+00 8.347140946318116761e-01
1.326654962219736555e+00 8.827363382547190884e-01
1.332796883341124339e+00 8.932035052338527237e-01
1.338938804462511900e+00 1.052283941162391656e+00
1.345080725583899683e+00 6.330319769049628231e-01
1.351222646705287245e+00 7.822572502886180335e-01
1.357364567826675028e+00 6.083150598167833545e-01
1.363506488948062589e+00 5.978229599726779808e-01
1.369648410069450373e+00 5.264091328076303533e-01
1.375790331190837934e+00 6.261809969006620902e-01
1.381932252312225717e+00 6.516255031929062413e-01
1.388074173433613279e+00 6.711992628955217866e-01
1.394216094555001062e+00 5.672662285551131056e-01
1.400358015676388623e+00 6.675272968829180087e-01
1.406499936797776407e+00 6.053186714406540991e-01
1.412641857919163968e+00 4.331631731160051624e-01
1.418783779040551751e+00 4.608327132952013683e-01
1.424925700161939313e+00 2.333573744647907955e-01
1.431067621283327096e+00 3.312168447509259428e-01
1.437209542404714657e+00 1.526936964806434038e-01
1.443351463526102441e+00 3.247929499169008305e-01
1.449493384647490002e+00 4.537486898015348213e-01
1.455635305768877785e+00 1.620920695689747615e-01
1.461777226890265347e+00 4.209537637274698429e-01
1.467919148011653130e+00 3.216398755531678644e-01
1.474061069133040691e+00 1.368033638858262568e-01
1.480202990254428475e+00 4.431679984374128911e-02
1.486344911375816036e+00 3.051324217494857383e-01
1.492486832497203819e+00 2.987852309576284615e-02
1.498628753618591380e+00 7.603446047477931125e-02
1.504770674739979164e+00 3.809434911800260726e-03
1.510912595861366725e+00 -4.987172255616014599e-02
1.517054516982754508e+00 -2.022939292790542631e-01
1.523196438104142070e+00 -8.519696141432978043e-02
1.529338359225529853e+00 -6.869772318974751157e-02
1.535480280346917414e+00 -3.465881210836823101e-01
1.541622201468305198e+00 -1.331329807758684924e-01
1.547764122589692759e+00 -2.119669400189896913e-01
1.553906043711080542e+00 -4.136332858943633228e-01
1.560047964832468104e+00 -2.098781850176121011e-01
1.566189885953855887e+00 -3.103962616018179355e-01
1.572331807075243448e+00 -4.436659465028892635e-01
1.578473728196631010e+00 -5.535352435594531606e-01
1.584615649318018793e+00 -6.943692961966770882e-01
1.590757570439406354e+00 -4.157079634404578505e-01
1.596899491560794138e+00 -5.887414953814593677e-01
1.603041412682181699e+00 -6.535917340187457070e-01
1.609183333803569482e+00 -7.627981959872611739e-01
1.615325254924957044e+00 -4.645484455987938244e-01
1.621467176046344827e+00 -6.525794042838355402e-01
1.627609097167732388e+00 -6.476491286622620969e-01
1.633751018289120172e+00 -7.394314122559983993e-01
1.639892939410507733e+00 -7.509950933010925977e-01
1.646034860531895516e+00 -8.462202102974115681e-01
1.652176781653283077e+00 -8.981033238598328250e-01
1.658318702774670861e+00 -1.002130788574127296e+00
1.664460623896058422e+00 -8.096075868784081697e-01
1.670602545017446205e+00 -7.903527709622575337e-01
1.676744466138833767e+00 -9.451545458531350752e-01
1.682886387260221550e+00 -9.277749775695725010e-01
1.689028308381609111e+00 -8.315755541266868223e-01
1.695170229502996895e+00 -8.546107786911093518e-01
1.701312150624384456e+00 -1.105369443674927510e+00
1.707454071745772239e+00 -9.344869252155810768e-01
1.713595992867159801e+00 -8.968382856563085204e-01
1.719737913988547584e+00 -1.136485972969557778e+00
1.725879835109935145e+00 -8.394454046190226171e-01
1.732021756231322929e+00 -1.008242712854764189e+00
1.738163677352710490e+00 -9.718072057571437439e-01
1.744305598474098273e+00 -9.030830337462510959e-01
1.750447519595485835e+00 -9.910392564742943611e-01
1.756589440716873618e+00 -1.046961323089385942e+00
1.762731361838261179e+00 -9.637889593821146184e-01
1.768873282959648963e+00 -1.146111890889890628e+00
1.775015204081036524e+00 -1.058852001788709529e+00
1.781157125202424307e+00 -9.637875796306527576e-01
1.787299046323811869e+00 -1.067061283284578277e+00
1.793440967445199652e+00 -1.130595878703465784e+00
1.799582888566587213e+00 -1.004885983215019651e+00
1.805724809687974997e+00 -9.300955811809201723e-01
1.811866730809362558e+00 -9.400125019738900800e-01
1.818008651930750341e+00 -1.007393054240629970e+00
1.824150573052137903e+00 -9.710593713060662324e-01
1.830292494173525686e+00 -7.846026409407891311e-01
1.836434415294913247e+00 -7.737526018433237285e-01
1.842576336416300808e+00 -8.338133110057783792e-01
1.848718257537688592e+00 -7.395071227133723779e-01
1.854860178659076153e+00 -8.621695919530240060e-01
1.861002099780463936e+00 -9.320064525640510134e-01
1.867144020901851498e+00 -7.654477349942996334e-01
1.873285942023239281e+00 -6.463919007744101108e-01
1.879427863144626842e+00 -6.674079965379541290e-01
1.885569784266014626e+00 -7.458912252872664794e-01
1.891711705387402187e+00 -5.930490422997509725e-01
1.897853626508789970e+00 -5.507730397269698930e-01
1.903995547630177532e+00 -7.435059022294232545e-01
1.910137468751565315e+00 -3.798161365939800582e-01
1.916279389872952876e+00 -4.259979289404500213e-01
1.922421310994340660e+00 -4.194598192917869950e-01
1.928563232115728221e+00 -4.287303987572506636e-01
1.934705153237116004e+00 -5.230325368866486357e-01
1.940847074358503566e+00 -3.178453299558791079e-01
1.946988995479891349e+00 -2.575539261683595371e-01
1.953130916601278910e+00 -3.485483149418624471e-01
1.959272837722666694e+00 -3.712189065165706903e-01
1.965414758844054255e+00 -1.791105513000802452e-01
1.971556679965442038e+00 -2.458874714563201724e-01
1.977698601086829600e+00 -2.836154304958654615e-01
1.983840522208217383e+00 -2.403476133450838104e-01
1.989982443329604944e+00 1.559281472555767434e-01
1.996124364450992728e+00 -3.591598461469468206e-02
2.002266285572380511e+00 1.611327037997395406e-01
2.008408206693768072e+00 -5.772726290161342422e-02
2.014550127815155633e+00 8.050776849533053392e-02
2.020692048936543195e+00 2.498716863445550607e-02
2.026833970057931200e+00 1.611992354666523519e-01
2.032975891179318761e+00 2.618791093497358502e-01
2.039117812300706323e+00 2.319474773292018177e-01
2.045259733422093884e+00 7.701206578448210882e-02
2.051401654543481889e+00 2.041283120650442262e-01
2.057543575664869451e+00 5.003643958643603229e-01
2.063685496786257012e+00 3.329852098382253267e-01
2.069827417907644573e+00 3.821358397245607774e-01
2.075969339029032579e+00 5.122355840984337272e-01
2.082111260150420140e+00 4.704570161517307447e-01
2.088253181271807701e+00 3.303320451163747062e-01
2.094395102393195263e+00 4.195634484640520800e-01
2.100537023514582824e+00 7.987916828314657325e-01
2.106678944635970829e+00 5.669172039872668600e-01
2.112820865757358391e+00 7.638120814104732981e-01
2.118962786878745952e+00 8.886827420335509098e-01
2.125104708000133513e+00 7.569220417124569167e-01
2.131246629121521519e+00 6.736301348908629860e-01
2.137388550242909080e+00 9.250671126895535501e-01
2.143530471364296641e+00 8.069765153540007230e-01
2.149672392485684203e+00 9.028630549178701115e-01
2.155814313607072208e+00 7.141356251983705938e-01
2.161956234728459769e+00 9.289558287684229754e-01
2.168098155849847331e+00 8.456569911386291327e-01
2.174240076971234892e+00 9.021218603362410882e-01
2.180381998092622897e+00 9.218850529110449443e-01
2.186523919214010458e+00 8.652025584692986104e-01
2.192665840335398020e+00 1.085141008222039627e+00
2.198807761456785581e+00 1.059554131261352561e+00
2.204949682578173586e+00 1.053897692767149286e+00
2.211091603699561148e+00 9.974478800661609190e-01
2.217233524820948709e+00 9.118824352966586888e-01
2.223375445942336270e+00 8.841478357102419139e-01
2.229517367063724276e+00 1.233610403276115486e+00
2.235659288185111837e+00 8.900295538244409332e-01
2.241801209306499398e+00 1.048910475355249394e+00
2.247943130427886960e+00 1.120293855040503050e+00
2.254085051549274965e+00 1.029243208014758881e+00
2.260226972670662526e+00 8.885927091227447949e-01
2.266368893792050088e+00 9.469434321345401306e-01
2.272510814913437649e+00 1.055509743133543177e+00
2.278652736034825654e+00 9.715122160734863677e-01
2.284794657156213216e+00 1.160188505224732936e+00
2.290936578277600777e+00 8.098718879432249551e-01
2.297078499398988338e+00 8.915408682226348969e-01
2.303220420520376344e+00 8.940693771722445504e-01
2.309362341641763905e+00 9.488398621548013168e-01
2.315504262763151466e+00 9.325505900586761321e-01
2.321646183884539028e+00 7.519786621613764321e-01
2.327788105005927033e+00 1.068998077936844648e+00
2.333930026127314594e+00 8.952879889494687049e-01
2.340071947248702156e+00 8.949015900212964336e-01
2.346213868370089717e+00 9.771752642945781275e-01
2.352355789491477722e+00 7.679830839565547906e-01
2.358497710612865284e+00 6.836740774152856304e-01
2.364639631734252845e+00 8.246856296084277282e-01
2.370781552855640406e+00 7.869429860882076744e-01
2.376923473977027967e+00 7.116533443293935335e-01
2.383065395098415973e+00 7.040302883628516417e-01
2.389207316219803534e+00 6.274542943157620511e-01
2.395349237341191095e+00 6.067726572438678634e-01
2.401491158462578657e+00 6.414554108512650066e-01
2.407633079583966662e+00 6.136645239477321878e-01
2.413775000705354223e+00 5.024467907294291047e-01
2.419916921826741785e+00 2.919070416809772528e-01
2.426058842948129346e+00 4.002176966165403305e-01
2.432200764069517351e+00 3.188120027886897079e-01
2.438342685190904913e+00 2.306355721913582457e-01
2.444484606312292474e+00 3.342544678338593145e-01
2.450626527433680035e+00 2.645898802271257622e-01
2.456768448555068041e+00 4.326954153240371026e-01
2.462910369676455602e+00 2.421798691842398932e-01
2.469052290797843163e+00 2.697776814204835283e-01
2.475194211919230725e+00 1.301110896628432378e-03
2.481336133040618730e+00 -1.633520424346703859e-01
2.487478054162006291e+00 -3.143392060125560494e-02
2.493619975283393853e+00 1.495550293123502628e-01
2.499761896404781414e+00 5.589177803419176360e-02
2.505903817526169419e+00 1.038535363143760770e-01
2.512045738647556981e+00 -5.382919614212457876e-02
2.518187659768944542e+00 -1.057206865315257205e-01
2.524329580890332103e+00 -4.049539310057829189e-01
2.530471502011720109e+00 -2.497837119255096883e-01
2.536613423133107670e+00 -2.225260800733683542e-01
2.542755344254495231e+00 -2.311362083119689603e-01
2.548897265375882792e+00 -3.094291399152352962e-01
2.555039186497270798e+00 -2.596596112814896218e-01
2.561181107618658359e+00 -2.337433636662966663e-01
2.567323028740045920e+00 -4.277387244628493845e-01
2.573464949861433482e+00 -4.817648533488832485e-01
2.579606870982821487e+00 -4.289991483965425179e-01
2.585748792104209048e+00 -5.348312674301988201e-01
2.591890713225596610e+00 -6.408445696673160663e-01
2.598032634346984171e+00 -4.284248209710641575e-01
2.604174555468372176e+00 -6.177036636530968128e-01
2.610316476589759738e+00 -7.459395797877030887e-01
2.616458397711147299e+00 -5.928144296629787036e-01
2.622600318832534860e+00 -7.821972153762815072e-01
2.628742239953922422e+00 -7.224967084453502997e-01
2.634884161075310427e+00 -7.258942890617706700e-01
2.641026082196697988e+00 -6.732786622776399943e-01
2.647168003318085550e+00 -7.832779908332767604e-01
2.653309924439473111e+00 -9.030867652864484896e-01
2.659451845560861116e+00 -7.563464538609044885e-01
2.665593766682248678e+00 -9.840818953603671648e-01
2.671735687803636239e+00 -7.798094164423119423e-01
2.677877608925023800e+00 -9.848631121678408373e-01
2.684019530046411806e+00 -7.362652040769391837e-01
2.690161451167799367e+00 -8.991792912095448731e-01
2.696303372289186928e+00 -9.794920792699688405e-01
2.702445293410574489e+00 -9.564989718374108385e-01
2.708587214531962495e+00 -9.327457257521993839e-01
2.714729135653350056e+00 -9.160471300781184434e-01
2.720871056774737617e+00 -1.070717368902069699e+00
2.727012977896125179e+00 -8.403861079135256373e-01
2.733154899017513184e+00 -1.118575753037143627e+00
2.739296820138900745e+00 -7.945078655915372989e-01
2.745438741260288307e+00 -8.625449988325801787e-01
2.751580662381675868e+00 -8.668693056182339429e-01
2.757722583503063873e+00 -9.144699591775644620e-01
2.763864504624451435e+00 -9.015144425775438730e-01
2.770006425745838996e+00 -1.080285708739881168e+00
2.776148346867226557e+00 -9.815817205562137326e-01
2.782290267988614563e+00 -9.815918287999859659e-01
2.788432189110002124e+00 -1.216342287405247191e+00
2.794574110231389685e+00 -1.059055514125778696e+00
2.800716031352777247e+00 -9.196060861826450550e-01
2.806857952474165252e+00 -9.320558690241547151e-01
2.812999873595552813e+00 -8.530047393327826466e-01
2.819141794716940375e+00 -8.765791092493507852e-01
2.825283715838327936e+00 -9.234928709780499956e-01
2.831425636959715941e+00 -9.301541609365552299e-01
2.837567558081103503e+00 -8.786111983804691938e-01
2.843709479202491064e+00 -1.018774672310409635e+00
2.849851400323878625e+00 -8.977401640022970586e-01
2.855993321445266631e+00 -9.001808488461591207e-01
2.862135242566654192e+00 -6.969954843759971208e-01
2.868277163688041753e+00 -6.383495454184207052e-01
2.874419084809429314e+00 -6.307873493524625008e-01
2.880561005930817320e+00 -6.398421407339440758e-01
2.886702927052204881e+00 -5.488536354426492014e-01
2.892844848173592442e+00 -7.921089219965532502e-01
2.898986769294980004e+00 -3.992437232457275442e-01
2.905128690416367565e+00 -5.333486783225364070e-01
2.911270611537755570e+00 -4.280854986365432713e-01
2.917412532659143132e+00 -4.865764743126423930e-01
2.923554453780530693e+00 -4.027410994225752994e-01
2.929696374901918254e+00 -3.945079072282666743e-01
2.935838296023306260e+00 -3.216672138710777729e-01
2.941980217144693821e+00 -3.650639512393233366e-01
2.948122138266081382e+00 -3.628144592796372914e-02
2.954264059387468944e+00 -1.880080815167458064e-01
2.960405980508856949e+00 -3.664532479964476841e-01
2.966547901630244510e+00 -2.156258356409296306e-01
2.972689822751632072e+00 -2.274540388111551126e-02
2.978831743873019633e+00 -2.213782176829207360e-01
2.984973664994407638e+00 -1.275310522228521870e-01
2.991115586115795200e+00 3.000879050430253769e-02
2.997257507237182761e+00 1.091021178691094773e-01
3.003399428358570322e+00 -1.722600622309469753e-02
3.009541349479958328e+00 1.055492459530252003e-01
3.015683270601345889e+00 -1.465626771690207719e-01
3.021825191722733450e+00 1.169857672931065573e-01
3.027967112844121012e+00 2.570882448894132866e-01
3.034109033965509017e+00 1.356855779011152119e-01
3.040250955086896578e+00 3.727161623817206171e-01
3.046392876208284139e+00 1.802401489114874578e-01
3.052534797329671701e+00 4.264469260536659645e-01
3.058676718451059706e+00 4.638996598444575237e-01
3.064818639572447267e+00 4.413064713879485401e-01
3.070960560693834829e+00 4.124841302590706027e-01
3.077102481815222390e+00 5.508300195644210140e-01
3.083244402936610395e+00 2.782115943335056185e-01
3.089386324057997957e+00 5.505471995480315517e-01
3.095528245179385518e+00 5.248310604523587219e-01
3.101670166300773079e+00 5.634005310127465638e-01
3.107812087422161085e+00 6.749781271872632438e-01
3.113954008543548646e+00 5.296891950793394255e-01
3.120095929664936207e+00 5.776732461208020641e-01
3.126237850786323769e+00 6.541910824982664074e-01
3.132379771907711774e+00 8.158922839470381660e-01
3.138521693029099335e+00 5.889000366635339656e-01
3.144663614150486897e+00 7.243131484643940965e-01
3.150805535271874458e+00 6.426539933428748741e-01
3.156947456393262019e+00 1.000928491462600212e+00
3.163089377514650025e+00 9.040773536055639603e-01
3.169231298636037586e+00 8.179727802417856575e-01
3.175373219757425147e+00 9.852671011867260020e-01
3.181515140878812709e+00 1.050826275534678667e+00
3.187657062000200714e+00 1.036090203034716994e+00
3.193798983121588275e+00 9.965757234583874080e-01
3.199940904242975837e+00 9.305040886067877937e-01
3.206082825364363398e+00 9.796751240064021093e-01
3.212224746485751403e+00 9.967809540148565572e-01
3.218366667607138965e+00 1.068332410136731525e+00
3.224508588728526526e+00 1.067815913953775731e+00
3.230650509849914087e+00 9.369399414654098202e-01
3.236792430971302093e+00 1.093349521468099272e+00
3.242934352092689654e+00 1.032978159104060989e+00
3.249076273214077215e+00 9.081577998060841317e-01
3.255218194335464776e+00 9.670707291702720365e-01
3.261360115456852782e+00 1.082084150780474374e+00
3.267502036578240343e+00 1.071981091764810712e+00
3.273643957699627904e+00 1.028380236795215952e+00
3.279785878821015466e+00 1.144173380514057259e+00
3.285927799942403471e+00 1.049251041387520456e+00
3.292069721063791032e+00 9.910674713172741290e-01
3.298211642185178594e+00 9.378726582160431535e-01
3.304353563306566155e+00 7.981524837701202690e-01
3.310495484427954160e+00 1.067670887739519126e+00
3.316637405549341722e+00 8.558605136868068231e-01
3.322779326670729283e+00 1.001960144565275268e+00
3.328921247792116844e+00 7.160974414725786996e-01
3.335063168913504850e+00 7.891506792569893403e-01
3.341205090034892411e+00 9.331384536656204265e-01
3.347347011156279972e+00 8.905932163848979677e-01
3.353488932277667534e+00 8.632195712181590652e-01
3.359630853399055539e+00 8.797608172294100193e-01
3.365772774520443100e+00 5.335743822036329576e-01
3.371914695641830662e+00 6.280651950003524053e-01
3.378056616763218223e+00 6.205509528960764243e-01
3.384198537884606228e+00 7.052864765713965367e-01
3.390340459005993790e+00 7.082794560767258218e-01
3.396482380127381351e+00 6.455751961171999342e-01
3.402624301248768912e+00 6.853609615716442782e-01
3.408766222370156473e+00 4.296834716739151849e-01
3.414908143491544479e+00 5.717193044625585863e-01
3.421050064612932040e+00 5.182597027841263637e-01
3.427191985734319601e+00 4.117267072445617848e-01
3.433333906855707163e+00 5.073733428921577415e-01
3.439475827977095168e+00 3.279896158442913157e-01
3.445617749098482729e+00 4.165525791876129036e-01
3.451759670219870291e+00 3.780601963774199437e-01
3.457901591341257852e+00 4.620130310521246564e-01
3.464043512462645857e+00 1.925280611214602589e-01
3.470185433584033419e+00 2.873390724005722152e-01
3.476327354705420980e+00 8.557036915036518587e-02
3.482469275826808541e+00 2.559221674717648276e-01
3.488611196948196547e+00 -1.923763170284503721e-02
3.494753118069584108e+00 1.326188655982124542e-02
3.500895039190971669e+00 -2.872027175066519528e-03
3.507036960312359231e+00 -2.158930701415641418e-01
3.513178881433747236e+00 6.458961642830524097e-03
3.519320802555134797e+00 -1.339005060206404085e-01
3.525462723676522359e+00 -1.155024919340876394e-01
3.531604644797909920e+00 -3.192117238997527195e-01
3.537746565919297925e+00 -2.730140645147241529e-01
3.543888487040685487e+00 -2.495243115962458569e-01
3.550030408162073048e+00 -3.433819736362130892e-01
3.556172329283460609e+00 -2.521766637631486230e-01
3.562314250404848615e+00 -4.425174814479398977e-01
3.568456171526236176e+00 -2.500894555286122811e-01
3.574598092647623737e+00 -4.675306203240009451e-01
3.580740013769011298e+00 -5.935815807501895192e-01
3.586881934890399304e+00 -6.761787645123201740e-01
3.593023856011786865e+00 -5.307624941015620657e-01
3.599165777133174426e+00 -6.229588029478886346e-01
3.605307698254561988e+00 -4.777392698061362908e-01
3.611449619375949993e+00 -6.431276447141494046e-01
3.617591540497337554e+00 -7.361249146698909396e-01
3.623733461618725116e+00 -4.580780860608203997e-01
3.629875382740112677e+00 -8.286818137729833333e-01
3.636017303861500682e+00 -6.683738972833813685e-01
3.642159224982888244e+00 -8.898546453504094789e-01
3.648301146104275805e+00 -8.739491694597978366e-01
3.654443067225663366e+00 -6.272915424549266872e-01
3.660584988347051372e+00 -6.791188332288863316e-01
3.666726909468438933e+00 -7.652005652406637104e-01
3.672868830589826494e+00 -8.923499491168388476e-01
3.679010751711214056e+00 -9.010539690471336405e-01
3.685152672832601617e+00 -8.301757624851592299e-01
3.691294593953989622e+00 -8.329473183560925920e-01
3.697436515075377184e+00 -9.447212072300607000e-01
3.703578436196764745e+00 -9.626436632585956277e-01
3.709720357318152306e+00 -9.955816576138982743e-01
3.715862278439540312e+00 -8.582557621180049168e-01
3.722004199560927873e+00 -9.549523198998675078e-01
3.728146120682315434e+00 -9.840734351033842975e-01
3.734288041803702995e+00 -1.054684375875456936e+00
3.740429962925091001e+00 -1.125066203716913904e+00
3.746571884046478562e+00 -8.672508055021328488e-01
3.752713805167866123e+00 -1.040902653336253536e+00
3.758855726289253685e+00 -9.030721256590189538e-01
3.764997647410641690e+00 -9.552132307771137310e-01
3.771139568532029251e+00 -8.933435324327668736e-01
3.777281489653416813e+00 -9.479326840891242334e-01
3.783423410774804374e+00 -8.663041217117753989e-01
3.789565331896192379e+00 -8.878534388707974845e-01
3.795707253017579941e+00 -1.023665238958540336e+00
3.801849174138967502e+00 -1.035662960958311229e+00
3.807991095260355063e+00 -1.114779741320285567e+00
3.814133016381743069e+00 -8.493451553522686215e-01
3.820274937503130630e+00 -9.310967655427007106e-01
3.826416858624518191e+00 -9.004028213430361749e-01
3.832558779745905753e+00 -1.055876760191597041e+00
3.838700700867293758e+00 -7.935368682115558903e-01
3.844842621988681319e+00 -7.593544099660877178e-01
3.850984543110068881e+00 -7.608337418491375459e-01
3.857126464231456442e+00 -8.744267807835914841e-01
3.863268385352844447e+00 -9.582156499057338239e-01
3.869410306474232009e+00 -7.678817288216661652e-01
3.875552227595619570e+00 -7.656103153926364646e-01
3.881694148717007131e+00 -7.458009298753299765e-01
3.887836069838395137e+00 -6.151517376810368143e-01
3.893977990959782698e+00 -7.100488534064913759e-01
3.900119912081170259e+00 -5.301416256523522330e-01
3.906261833202557820e+00 -4.827181393450696856e-01
3.912403754323945826e+00 -5.193336287587458910e-01
3.918545675445333387e+00 -4.347265212103222920e-01
3.924687596566720948e+00 -4.133763403402974657e-01
3.930829517688108510e+00 -5.888960490800664305e-01
3.936971438809496071e+00 -3.935685169113879445e-01
3.943113359930884076e+00 -3.127607660985000093e-01
3.949255281052271638e+00 -2.221965463400853991e-01
3.955397202173659199e+00 -2.606540542393879223e-01
3.961539123295046760e+00 -1.698047916945152336e-01
3.967681044416434766e+00 -1.353112770974863044e-01
3.973822965537822327e+00 -1.163446774563239861e-01
3.979964886659209888e+00 -7.115700141773112497e-02
3.986106807780597450e+00 2.817719951731276207e-02
3.992248728901985455e+00 6.286719913318983277e-02
3.998390650023373016e+00 -7.510815612138960207e-02
4.004532571144761022e+00 4.964416821860767604e-02
4.010674492266148583e+00 4.738521994121869946e-02
4.016816413387536144e+00 3.096079953443351962e-01
4.022958334508923706e+00 8.811659926916839969e-02
4.029100255630311267e+00 2.660874600673433510e-01
4.035242176751698828e+00 1.175121810740243494e-01
4.041384097873086390e+00 3.540918936986044430e-01
4.047526018994473951e+00 2.141821898180532591e-01
4.053667940115862400e+00 3.137997785874235834e-01
4.059809861237249962e+00 2.372912207059718892e-01
4.065951782358637523e+00 5.428618805855718321e-01
4.072093703480025084e+00 5.087739154427870503e-01
4.078235624601412646e+00 5.497261325540221399e-01
4.084377545722800207e+00 5.015921574808102079e-01
4.090519466844187768e+00 5.608707709107553230e-01
4.096661387965575329e+00 6.385190022817757161e-01
4.102803309086963779e+00 7.185810191577565176e-01
4.108945230208351340e+00 4.774226741758831327e-01
4.115087151329738901e+00 6.322378869317930583e-01
4.121229072451126463e+00 4.951125803882762133e-01
4.127370993572514024e+00 6.626056459080285066e-01
4.133512914693901585e+00 5.490089571515301969e-01
4.139654835815289147e+00 6.973979867270260202e-01
4.145796756936676708e+00 8.886572331795132840e-01
4.151938678058065157e+00 8.646084742830130176e-01
4.158080599179452719e+00 9.769594301192072727e-01
4.164222520300840280e+00 9.210849745149536361e-01
4.170364441422227841e+00 1.035267795215169429e+00
4.176506362543615403e+00 8.906821670244727818e-01
4.182648283665002964e+00 8.647912073423845714e-01
4.188790204786390525e+00 9.359278920380839084e-01
4.194932125907778087e+00 8.944008367568908602e-01
4.201074047029165648e+00 9.837158789420120675e-01
4.207215968150554097e+00 8.810194978791352494e-01
4.213357889271941659e+00 1.105072453812056210e+00
4.219499810393329220e+00 9.973805013805779884e-01
4.225641731514716781e+00 1.022964768746491337e+00
4.231783652636104343e+00 1.029067292153587054e+00
4.237925573757491904e+00 1.165958952409000826e+00
4.244067494878879465e+00 9.626897111843667476e-01
4.250209416000267026e+00 1.102427446142883349e+00
4.256351337121655476e+00 9.821815184048202640e-01
4.262493258243043037e+00 9.895155058694748984e-01
4.268635179364430599e+00 1.118231236274651819e+00
4.274777100485818160e+00 1.031703161286918302e+00
4.280919021607205721e+00 9.026980790973421209e-01
4.287060942728593282e+00 9.092758695795788437e-01
4.293202863849980844e+00 9.319499597843784455e-01
4.299344784971368405e+00 7.863912597502008550e-01
4.305486706092756855e+00 1.023644644842468310e+00
4.311628627214144416e+00 1.044968137621281823e+00
4.317770548335531977e+00 9.722548047841902408e-01
4.323912469456919538e+00 8.271991969154816049e-01
4.330054390578307100e+00 1.026822182025334040e+00
4.336196311699694661e+00 8.957328412278076080e-01
4.342338232821082222e+00 1.138895841157830935e+00
4.348480153942469784e+00 8.211374654549262742e-01
4.354622075063858233e+00 7.657982506927497601e-01
4.360763996185245794e+00 6.111836950735657359e-01
4.366905917306633356e+00 6.976117444855972627e-01
4.373047838428020917e+00 7.639725359628617429e-01
4.379189759549408478e+00 6.939537875462898908e-01
4.385331680670796040e+00 6.976837571793454984e-01
4.391473601792183601e+00 5.479583027042562726e-01
4.397615522913571162e+00 5.939283248519052760e-01
4.403757444034959612e+00 6.749486240965466566e-01
4.409899365156347173e+00 5.630849981488483813e-01
4.416041286277734734e+00 6.783542757333906881e-01
4.422183207399122296e+00 5.403831916395660517e-01
4.428325128520509857e+00 5.687078777151144404e-01
4.434467049641897418e+00 4.096000683857078384e-01
4.440608970763284979e+00 6.596615300272303806e-01
4.446750891884672541e+00 2.669325786811275192e-01
4.452892813006060990e+00 3.916083605649599564e-01
4.459034734127448552e+00 2.203433382920151618e-01
4.465176655248836113e+00 3.229398445474749857e-01
4.471318576370223674e+00 2.990483689121732902e-01
4.477460497491611235e+00 2.106770181821704391e-01
4.483602418612998797e+00 2.487213299901777086e-01
4.489744339734386358e+00 8.595913208261141136e-02
4.495886260855773919e+00 2.449689322192364627e-01
4.502028181977161481e+00 -1.253823161650511608e-01
4.508170103098549930e+00 -1.465349230790247148e-01
4.514312024219937491e+00 2.566934701216085080e-02
4.520453945341325053e+00 -1.993759261125567783e-01
4.526595866462712614e+00 -1.385747700166078955e-01
4.532737787584100175e+00 -5.349640168030704857e-01
4.538879708705487737e+00 -1.042537014765254622e-01
4.545021629826875298e+00 -2.557292896519232084e-01
4.551163550948262859e+00 -3.683922770689436743e-01
4.557305472069651309e+00 -4.563424978780390440e-01
4.563447393191038870e+00 -3.126760852055190942e-01
4.569589314312426431e+00 -5.258062259865905474e-01
4.575731235433813993e+00 -6.157377988181627071e-01
4.581873156555201554e+00 -6.438897518322859170e-01
4.588015077676589115e+00 -5.782153439557713437e-01
4.594156998797976676e+00 -4.827023750263972901e-01
4.600298919919364238e+00 -7.393727681066840640e-01
4.606440841040752687e+00 -5.054085026640484646e-01
4.612582762162140249e+00 -8.003233578475443810e-01
4.618724683283527810e+00 -7.079042148872345397e-01
4.624866604404915371e+00 -6.414944551829705466e-01
4.631008525526302932e+00 -6.967330293662707952e-01
4.637150446647690494e+00 -8.495826519481015637e-01
4.643292367769078055e+00 -5.971061114701975425e-01
4.649434288890465616e+00 -7.936535679952012590e-01
4.655576210011854066e+00 -1.031594499316383029e+00
4.661718131133241627e+00 -8.249616615506989437e-01
4.667860052254629188e+00 -9.175645030954053816e-01
4.674001973376016750e+00 -9.219956440568956024e-01
4.680143894497404311e+00 -8.761766580650445224e-01
4.686285815618791872e+00 -8.587199319942998565e-01
4.692427736740179434e+00 -7.566125183931284859e-01
4.698569657861566995e+00 -9.766383965776860299e-01
4.704711578982955444e+00 -9.498941294910335786e-01
4.710853500104343006e+00 -8.051431335193638406e-01
4.716995421225730567e+00 -1.148423602997597381e+00
4.723137342347118128e+00 -8.878356109879058655e-01
4.729279263468505690e+00 -9.783096662624022333e-01
4.735421184589893251e+00 -8.721682355729954983e-01
4.741563105711280812e+00 -9.409108990587570220e-01
4.747705026832668374e+00 -9.157874843089512940e-01
4.753846947954055935e+00 -1.007950923389840714e+00
4.759988869075444384e+00 -8.758349978096884314e-01
4.766130790196831946e+00 -1.184613506583402698e+00
4.772272711318219507e+00 -9.621718068213660491e-01
4.778414632439607068e+00 -7.784262758942799287e-01
4.784556553560994629e+00 -9.250860363468390579e-01
4.790698474682382191e+00 -9.873259689759001922e-01
4.796840395803769752e+00 -9.257989518541823726e-01
4.802982316925157313e+00 -8.885968331806546328e-01
4.809124238046545763e+00 -8.446553221706833980e-01
4.815266159167933324e+00 -9.558670187553494069e-01
4.821408080289320885e+00 -8.315442996953489319e-01
4.827550001410708447e+00 -8.322159937295708909e-01
4.833691922532096008e+00 -8.651805330465194288e-01
4.839833843653483569e+00 -8.493424792137056478e-01
4.845975764774871131e+00 -8.979631068879849742e-01
4.852117685896258692e+00 -8.245839135078905091e-01
4.858259607017647141e+00 -7.680618172991329207e-01
4.864401528139034703e+00 -7.360849591165682382e-01
4.870543449260422264e+00 -6.478112291769217990e-01
4.876685370381809825e+00 -6.756663028100983182e-01
4.882827291503197387e+00 -5.806083933692708365e-01
4.888969212624584948e+00 -6.302183525691928967e-01
4.895111133745972509e+00 -8.222908892070771580e-01
4.901253054867360071e+00 -7.174814566901759338e-01
4.907394975988748520e+00 -6.132072328120798943e-01
4.913536897110136081e+00 -4.479188295301030909e-01
4.919678818231523643e+00 -5.099520634244030237e-01
4.925820739352911204e+00 -4.951496057154647357e-01
4.931962660474298765e+00 -2.733729226134812840e-01
4.938104581595686327e+00 -4.017540859316435231e-01
4.944246502717073888e+00 -2.496682172543153166e-01
4.950388423838461449e+00 -2.593114211118108803e-01
4.956530344959849899e+00 -1.898917969506604964e-01
4.962672266081237460e+00 -1.794259533295470554e-01
4.968814187202625021e+00 -3.422886066086733292e-01
4.974956108324012583e+00 -1.191987433062210167e-01
4.981098029445400144e+00 6.222928420198517441e-03
4.987239950566787705e+00 4.667653350739052465e-02
4.993381871688175266e+00 4.105235936852281997e-03
4.999523792809562828e+00 3.875334263508022070e-02
5.005665713930950389e+00 4.199642483508811419e-02
5.011807635052338838e+00 3.192693742981179278e-02
5.017949556173726400e+00 1.483886002003345639e-01
5.024091477295113961e+00 8.371227637246524134e-02
5.030233398416501522e+00 3.003933186308603287e-01
5.036375319537889084e+00 7.631125555506296232e-02
5.042517240659276645e+00 2.152826117432536657e-01
5.048659161780664206e+00 2.614385184517121208e-01
5.054801082902051768e+00 3.556129452540245928e-01
5.060943004023440217e+00 4.061310544071320972e-01
5.067084925144827778e+00 3.168150359874511435e-01
5.073226846266215340e+00 5.793333659532315938e-01
5.079368767387602901e+00 5.260470702072657101e-01
5.085510688508990462e+00 4.778429931994332414e-01
5.091652609630378024e+00 5.017793257627786163e-01
5.097794530751765585e+00 5.831137031257433989e-01
5.103936451873153146e+00 5.481144373092999844e-01
5.110078372994541596e+00 7.820184567588606139e-01
5.116220294115929157e+00 7.392933622939473759e-01
5.122362215237316718e+00 8.010245959852615449e-01
5.128504136358704280e+00 9.312424001274995922e-01
5.134646057480091841e+00 9.197025005923097352e-01
5.140787978601479402e+00 8.395651705067537218e-01
5.146929899722866963e+00 6.962423572936959904e-01
5.153071820844254525e+00 8.085681252891011583e-01
5.159213741965642974e+00 8.301286413327794156e-01
5.165355663087030536e+00 9.508512742118435668e-01
5.171497584208418097e+00 1.025511090104218370e+00
5.177639505329805658e+00 9.243504117442767898e-01
5.183781426451193219e+00 1.014827814169151132e+00
5.189923347572580781e+00 9.716137044263422062e-01
5.196065268693968342e+00 9.163913394258895728e-01
5.202207189815355903e+00 8.000368285532544199e-01
5.208349110936744353e+00 9.188548498771864637e-01
5.214491032058131914e+00 1.144017089993034642e+00
5.220632953179519475e+00 8.549269586614000049e-01
5.226774874300907037e+00 1.141364674933092793e+00
5.232916795422294598e+00 1.067656615088169669e+00
5.239058716543682159e+00 9.164096023257749524e-01
5.245200637665069721e+00 1.120131671989073929e+00
5.251342558786457282e+00 9.221790891185369654e-01
5.257484479907844843e+00 9.704502162660911813e-01
5.263626401029233293e+00 9.753411637387708888e-01
5.269768322150620854e+00 9.785626565367175900e-01
5.275910243272008415e+00 7.417638384946781960e-01
5.282052164393395977e+00 9.495712378178337021e-01
5.288194085514783538e+00 1.093706418674763148e+00
5.294336006636171099e+00 1.144144881750600584e+00
5.300477927757558660e+00 9.736565768115877928e-01
5.306619848878946222e+00 9.687932131017470416e-01
5.312761770000334671e+00 9.926730692040415249e-01
5.318903691121722233e+00 1.021271575598444503e+00
5.325045612243109794e+00 8.420989278759540841e-01
5.331187533364497355e+00 8.686609508604578034e-01
5.337329454485884916e+00 7.920090496045120165e-01
5.343471375607272478e+00 7.837453619984595665e-01
5.349613296728660039e+00 7.681171997151349240e-01
5.355755217850047600e+00 7.892683791934252957e-01
5.361897138971436050e+00 7.485699013294017101e-01
5.368039060092823611e+00 6.189292004254882684e-01
5.374180981214211172e+00 7.264017418248429614e-01
5.380322902335598734e+00 6.190782352842993941e-01
5.386464823456986295e+00 5.244743119727736103e-01
5.392606744578373856e+00 5.844038372312246876e-01
5.398748665699761418e+00 5.605668016191808212e-01
5.404890586821148979e+00 5.766412565725602679e-01
5.411032507942537428e+00 7.527007429303227415e-01
5.417174429063924990e+00 5.778540076447939988e-01
5.423316350185312551e+00 4.297031632422623204e-01
5.429458271306700112e+00 5.306967609547104114e-01
5.435600192428087674e+00 3.045557834288138421e-01
5.441742113549475235e+00 3.243007850794281666e-01
5.447884034670862796e+00 2.960923427392871954e-01
5.454025955792250357e+00 3.545659603006994232e-01
5.460167876913638807e+00 1.138415829481650987e-01
5.466309798035026368e+00 1.255939006540099101e-01
5.472451719156413930e+00 1.622463668608715714e-01
5.478593640277801491e+00 2.842712589359032149e-01
5.484735561399189052e+00 1.120774478554757703e-01
5.490877482520576613e+00 2.109443637896115664e-01
5.497019403641964175e+00 8.487939948297149040e-02
5.503161324763351736e+00 -1.309839584010054001e-02
5.509303245884739297e+00 -2.337429990142818326e-02
5.515445167006127747e+00 -8.483310587631615052e-02
5.521587088127515308e+00 -1.743248529842965633e-01
5.527729009248902869e+00 -4.862407827025052587e-01
5.533870930370290431e+00 -1.372052855515995540e-01
5.540012851491677992e+00 -2.952780507155560730e-01
5.546154772613065553e+00 -3.088880182698961474e-01
5.552296693734453115e+00 -4.285540868071981979e-01
5.558438614855840676e+00 -5.887236552101218212e-01
5.564580535977229125e+00 -3.455879803244589210e-01
5.570722457098616687e+00 -4.479280493115095907e-01
5.576864378220004248e+00 -5.484390162070890140e-01
5.583006299341391809e+00 -3.879386061761210258e-01
5.589148220462779371e+00 -5.903383779374781204e-01
5.595290141584166932e+00 -3.765069243671002042e-01
5.601432062705554493e+00 -6.544478588229949434e-01
5.607573983826942055e+00 -5.685330429763093552e-01
5.613715904948330504e+00 -5.180888316387888270e-01
5.619857826069718065e+00 -7.778047593027788142e-01
5.625999747191105627e+00 -7.820266765701385792e-01
5.632141668312493188e+00 -7.318772833666463695e-01
5.638283589433880749e+00 -6.655816559245715247e-01
5.644425510555268310e+00 -7.368343952738891645e-01
5.650567431676655872e+00 -7.934968381285377736e-01
5.656709352798043433e+00 -1.008780227656149941e+00
5.662851273919431883e+00 -1.227535705833657342e+00
5.668993195040819444e+00 -8.731196226326054521e-01
5.675135116162207005e+00 -7.304031585986414665e-01
5.681277037283594566e+00 -7.581203601697621419e-01
5.687418958404982128e+00 -1.026718486628755089e+00
5.693560879526369689e+00 -9.768050175515176070e-01
5.699702800647757250e+00 -8.280050325503259812e-01
5.705844721769144812e+00 -1.127039976503295460e+00
5.711986642890533261e+00 -9.900362636648064596e-01
5.718128564011920822e+00 -9.367977493204061590e-01
5.724270485133308384e+00 -9.396110048857693187e-01
5.730412406254695945e+00 -1.073286120899033635e+00
5.736554327376083506e+00 -9.058373700659435590e-01
5.742696248497471068e+00 -9.939956817949868739e-01
5.748838169618858629e+00 -9.254332884800597903e-01
5.754980090740246190e+00 -9.172391681448978096e-01
5.761122011861634640e+00 -9.129454100497462754e-01
5.767263932983022201e+00 -1.113570474661965903e+00
5.773405854104409762e+00 -1.095422302910591839e+00
5.779547775225797324e+00 -1.104266672501035274e+00
5.785689696347184885e+00 -9.077624327924137537e-01
5.791831617468572446e+00 -1.141871782623773424e+00
5.797973538589960008e+00 -6.114180403167273070e-01
5.804115459711347569e+00 -8.385603104253733786e-01
5.810257380832735130e+00 -8.550544428801736263e-01
5.816399301954123580e+00 -9.594802158640453049e-01
5.822541223075511141e+00 -9.080199429546311762e-01
5.828683144196898702e+00 -9.634230459939168156e-01
5.834825065318286264e+00 -8.907559815895151889e-01
5.840966986439673825e+00 -7.857668353777635950e-01
5.847108907561061386e+00 -8.406941664579773432e-01
5.853250828682448947e+00 -7.346350980913560758e-01
5.859392749803836509e+00 -7.519260050936510398e-01
5.865534670925224958e+00 -7.845590730731528684e-01
5.871676592046612519e+00 -6.829037645069560014e-01
5.877818513168000081e+00 -6.135689268546777875e-01
5.883960434289387642e+00 -5.856341086442580224e-01
5.890102355410775203e+00 -5.921856262704560114e-01
5.896244276532162765e+00 -5.434935046899485034e-01
5.902386197653550326e+00 -5.665423852084982004e-01
5.908528118774937887e+00 -4.078262839355025760e-01
5.914670039896326337e+00 -6.046252477551993243e-01
5.920811961017713898e+00 -6.009552427830312515e-01
5.926953882139101459e+00 -5.126807050486318351e-01
5.933095803260489021e+00 -4.116193115437994932e-01
5.939237724381876582e+00 -2.937794011252856663e-01
5.945379645503264143e+00 -2.954393571075706326e-01
5.951521566624651705e+00 -4.024378401481455425e-01
5.957663487746039266e+00 -1.501393226754662580e-01
5.963805408867427715e+00 -1.396728649413432055e-01
5.969947329988815277e+00 -3.150947019270430860e-02
5.976089251110202838e+00 -2.893315083493809281e-01
5.982231172231590399e+00 -1.754221386967119711e-01
5.988373093352977961e+00 6.247718880761954363e-02
5.994515014474365522e+00 -2.119004051106844477e-01
6.000656935595753083e+00 -7.153133901517245985e-02
6.006798856717140644e+00 -1.174268285460229599e-01
6.012940777838529094e+00 1.840334455509377853e-02
6.019082698959916655e+00 9.920148410741819189e-04
6.025224620081304217e+00 7.828477759373382583e-02
6.031366541202691778e+00 3.124169718652503036e-01
6.037508462324079339e+00 2.576160811514553450e-01
6.043650383445466900e+00 2.393625835351606002e-01
6.049792304566854462e+00 2.848202747390907730e-01
6.055934225688242023e+00 4.717384375366404647e-01
6.062076146809629584e+00 3.909304312184692654e-01
6.068218067931018034e+00 4.649882013849738760e-01
6.074359989052405595e+00 5.253606527632577183e-01
6.080501910173793156e+00 4.586495910362812234e-01
6.086643831295180718e+00 2.794497908058841684e-01
6.092785752416568279e+00 5.858016706785682537e-01
6.098927673537955840e+00 4.881919246211608998e-01
6.105069594659343402e+00 6.406843856611066368e-01
6.111211515780730963e+00 6.069983014362585472e-01
6.117353436902119412e+00 6.234904629424370404e-01
6.123495358023506974e+00 7.794330740220594134e-01
6.129637279144894535e+00 7.726784585557260332e-01
6.135779200266282096e+00 7.303074773839914879e-01
6.141921121387669658e+00 8.403291073283755130e-01
6.148063042509057219e+00 6.872954037133847116e-01
6.154204963630444780e+00 1.005376806642852117e+00
6.160346884751832341e+00 8.985527629014355977e-01
6.166488805873220791e+00 8.552546062645526304e-01
6.172630726994608352e+00 9.020217631636207045e-01
6.178772648115995914e+00 8.617472078081932496e-01
6.184914569237383475e+00 1.036408673136398617e+00
6.191056490358771036e+00 1.033705279780802400e+00
6.197198411480158597e+00 8.170319157947957267e-01
6.203340332601546159e+00 8.307857434467831315e-01
6.209482253722933720e+00 1.046987803358305325e+00
6.215624174844322170e+00 9.151243815260382553e-01
6.221766095965709731e+00 8.329776168364313449e-01
6.227908017087097292e+00 9.412697066783665134e-01
6.234049938208484853e+00 1.123793085988180840e+00
6.240191859329872415e+00 8.947876756219211858e-01
6.246333780451259976e+00 9.779717771338263255e-01
6.252475701572647537e+00 9.405239185137046487e-01
6.258617622694035099e+00 1.008125808648611343e+00
6.264759543815423548e+00 1.054668156207137164e+00
6.270901464936811109e+00 9.045086517182778785e-01
6.277043386058198671e+00 9.734245270489128021e-01
6.283185307179586232e+00 1.017395462539002482e+00
