0.000000000000000000e+00 5.554977698533863917e-02
6.141921121387669720e-03 1.087546985284728873e-01
1.228384224277533944e-02 3.193193344831732339e-01
1.842576336416301003e-02 3.047220473414590791e-01
2.456768448555067888e-02 4.110597718444641835e-01
3.070960560693834773e-02 4.160717140162802363e-01
3.685152672832602005e-02 3.740476139470189643e-01
4.299344784971368544e-02 4.770478446929606320e-01
4.913536897110135776e-02 6.693138558163935770e-01
5.527729009248903008e-02 7.245377782908972719e-01
6.141921121387669547e-02 6.889670207290737869e-01
6.756113233526436779e-02 7.386938659206057078e-01
7.370305345665204011e-02 8.233094626727874843e-01
7.984497457803971243e-02 8.603383038479092138e-01
8.598689569942737088e-02 8.228128311016404961e-01
9.212881682081504320e-02 7.024999918531591447e-01
9.827073794220271552e-02 8.906568398662261243e-01
1.044126590635903878e-01 8.170747729996519215e-01
1.105545801849780602e-01 1.049913426144058803e+00
1.166965013063657186e-01 1.055824505049195450e+00
1.228384224277533909e-01 1.033666254059762313e+00
1.289803435491410633e-01 1.029340017155386811e+00
1.351222646705287356e-01 9.333216357223955706e-01
1.412641857919164079e-01 9.999174943448245756e-01
1.474061069133040802e-01 8.271895963396692641e-01
1.535480280346917525e-01 1.113347566974731029e+00
1.596899491560794249e-01 8.653167247377855364e-01
1.658318702774670694e-01 7.219238425393036396e-01
1.719737913988547418e-01 7.670697182535912706e-01
1.781157125202424141e-01 9.243071720661777402e-01
1.842576336416300864e-01 7.805058644092497389e-01
1.903995547630177587e-01 6.514817801445353940e-01
1.965414758844054310e-01 6.186338330572040967e-01
2.026833970057931034e-01 3.446685583794814600e-01
2.088253181271807757e-01 6.015167890102582904e-01
2.149672392485684480e-01 4.882374909224542203e-01
2.211091603699561203e-01 3.641746494756554764e-01
2.272510814913437927e-01 3.852109650596397539e-01
2.333930026127314372e-01 3.282972788168060374e-01
2.395349237341191095e-01 1.909841016679540149e-01
2.456768448555067819e-01 -6.736870895610730381e-02
2.518187659768944542e-01 -1.302742889692083961e-01
2.579606870982821265e-01 -3.438372738715522736e-02
2.641026082196697988e-01 -2.325195329886972639e-01
2.702445293410574712e-01 -2.993692508236530103e-01
2.763864504624451435e-01 -3.121719514797126616e-01
2.825283715838328158e-01 -4.446057000589574981e-01
2.886702927052204881e-01 -3.756356656767522173e-01
2.948122138266081604e-01 -5.065182401639589660e-01
3.009541349479958328e-01 -6.159562973916171691e-01
3.070960560693835051e-01 -6.662535714687372046e-01
3.132379771907711774e-01 -6.157615364329227514e-01
3.193798983121588497e-01 -8.204448109640598563e-01
3.255218194335465220e-01 -7.904822908874287180e-01
3.316637405549341389e-01 -8.051372944842399848e-01
3.378056616763218112e-01 -8.613948857829573091e-01
3.439475827977094835e-01 -8.581486454658221463e-01
3.500895039190971558e-01 -9.743872062012610691e-01
3.562314250404848281e-01 -1.091592438427526623e+00
3.623733461618725005e-01 -9.664832874554392106e-01
3.685152672832601728e-01 -8.304608954519181463e-01
3.746571884046478451e-01 -9.497474312660921791e-01
3.807991095260355174e-01 -7.667808769989170603e-01
3.869410306474231898e-01 -1.060332073744584713e+00
3.930829517688108621e-01 -9.337444522471060049e-01
3.992248728901985344e-01 -8.681630812074510040e-01
4.053667940115862067e-01 -9.814780183536095937e-01
4.115087151329738790e-01 -9.277589514956923189e-01
4.176506362543615514e-01 -8.321307671839788256e-01
4.237925573757492237e-01 -7.224999661222794023e-01
4.299344784971368960e-01 -8.082982855995305416e-01
4.360763996185245683e-01 -6.598516900903291793e-01
4.422183207399122407e-01 -5.694360366413813157e-01
4.483602418612999130e-01 -6.697071339575458859e-01
4.545021629826875853e-01 -5.394724804511131788e-01
4.606440841040752021e-01 -5.146523838742832480e-01
4.667860052254628744e-01 -3.185912444912237795e-01
4.729279263468505468e-01 -4.974731438078132673e-01
4.790698474682382191e-01 -1.049703973737139417e-01
4.852117685896258914e-01 -2.482819680510772176e-01
4.913536897110135637e-01 -1.364014836993437119e-01
4.974956108324012360e-01 -1.546870726514497640e-01
5.036375319537889084e-01 -9.348248418053087261e-02
5.097794530751765807e-01 2.127952357185616261e-01
5.159213741965642530e-01 2.958636983308675084e-01
5.220632953179519253e-01 3.919404546472272099e-01
5.282052164393395977e-01 3.774903448317297183e-01
5.343471375607272700e-01 3.299301643815458762e-01
5.404890586821149423e-01 6.598388595996294015e-01
5.466309798035026146e-01 6.346904006030426038e-01
5.527729009248902869e-01 6.159969132679119497e-01
5.589148220462779593e-01 5.961789275901727692e-01
5.650567431676656316e-01 6.002000815234307396e-01
5.711986642890533039e-01 6.605742019968358081e-01
5.773405854104409762e-01 8.635102369420205592e-01
5.834825065318286486e-01 8.855433739209752630e-01
5.896244276532163209e-01 1.004324022016864104e+00
5.957663487746039932e-01 1.048267911514207729e+00
6.019082698959916655e-01 1.112555552111816892e+00
6.080501910173793378e-01 1.066974753082551075e+00
6.141921121387670102e-01 1.121885206843081573e+00
6.203340332601546825e-01 1.118485990691053367e+00
6.264759543815423548e-01 9.731405067384676366e-01
6.326178755029300271e-01 1.176492914944781143e+00
6.387597966243176995e-01 1.059754097167700637e+00
6.449017177457053718e-01 9.905959247625182318e-01
6.510436388670930441e-01 9.619872021578222965e-01
6.571855599884806054e-01 1.092653992072791125e+00
6.633274811098682777e-01 1.120010292501137261e+00
6.694694022312559500e-01 9.282818881900333219e-01
6.756113233526436224e-01 6.026211959587890465e-01
6.817532444740312947e-01 8.332265241594557503e-01
6.878951655954189670e-01 6.851014836837858724e-01
6.940370867168066393e-01 7.563530130743062463e-01
7.001790078381943117e-01 5.132429321391491772e-01
7.063209289595819840e-01 5.572124613082806155e-01
7.124628500809696563e-01 4.507144179703750364e-01
7.186047712023573286e-01 3.677726441080390596e-01
7.247466923237450009e-01 1.623680020462406615e-01
7.308886134451326733e-01 3.255300086369073975e-01
7.370305345665203456e-01 5.539584945015441075e-02
7.431724556879080179e-01 6.112853054866572433e-02
7.493143768092956902e-01 3.232466505082173813e-02
7.554562979306833626e-01 -1.099095312321563545e-01
7.615982190520710349e-01 -1.605183083022558022e-01
7.677401401734587072e-01 -3.443909132841370679e-01
7.738820612948463795e-01 -2.861185611424084119e-01
7.800239824162340518e-01 -4.518621459307530230e-01
7.861659035376217242e-01 -4.256120340073994424e-01
7.923078246590093965e-01 -5.310214342588491787e-01
7.984497457803970688e-01 -5.428411653595389685e-01
8.045916669017847411e-01 -5.646322048717440367e-01
8.107335880231724135e-01 -5.610889584128326835e-01
8.168755091445600858e-01 -7.653961999434025776e-01
8.230174302659477581e-01 -6.843350249739872382e-01
8.291593513873354304e-01 -8.024627565053230605e-01
8.353012725087231027e-01 -9.531333605268925702e-01
8.414431936301107751e-01 -9.372058172905580742e-01
8.475851147514984474e-01 -9.653520816389893344e-01
8.537270358728861197e-01 -9.359094328463433143e-01
8.598689569942737920e-01 -1.204107357403916723e+00
8.660108781156614643e-01 -1.000428542964261425e+00
8.721527992370491367e-01 -1.060416550996919449e+00
8.782947203584368090e-01 -9.438629920066838874e-01
8.844366414798244813e-01 -1.028395467080109871e+00
8.905785626012121536e-01 -8.278120306832286168e-01
8.967204837225998260e-01 -9.033295493843003232e-01
9.028624048439874983e-01 -1.063590445364692050e+00
9.090043259653751706e-01 -8.329308324342705738e-01
9.151462470867628429e-01 -7.722275942617793376e-01
9.212881682081504042e-01 -7.546832416013269373e-01
9.274300893295380765e-01 -7.891899572947899122e-01
9.335720104509257489e-01 -8.903091161109838447e-01
9.397139315723134212e-01 -7.794941069647380871e-01
9.458558526937010935e-01 -5.192029563809938963e-01
9.519977738150887658e-01 -7.102786469764875710e-01
9.581396949364764382e-01 -4.585986986715149816e-01
9.642816160578641105e-01 -5.476030065577557338e-01
9.704235371792517828e-01 -3.673180244379796733e-01
9.765654583006394551e-01 -3.279907959335190415e-01
9.827073794220271274e-01 -2.786338638003696411e-01
9.888493005434147998e-01 -1.473642079489854151e-01
9.949912216648024721e-01 3.706119305511956785e-02
1.001133142786190255e+00 -1.542098804539419610e-01
1.007275063907577817e+00 -9.869616641544481928e-03
1.013416985028965600e+00 1.473933691152897185e-01
1.019558906150353161e+00 4.812354832050854681e-01
1.025700827271740945e+00 4.258461956118445024e-01
1.031842748393128506e+00 5.308683783083472107e-01
1.037984669514516289e+00 4.676535010061799169e-01
1.044126590635903851e+00 6.393016212300393075e-01
1.050268511757291412e+00 3.191163957386221606e-01
1.056410432878679195e+00 6.827603478501806933e-01
1.062552354000066757e+00 7.181592135492301798e-01
1.068694275121454540e+00 7.473259336452161561e-01
1.074836196242842101e+00 9.470566302342612319e-01
1.080978117364229885e+00 8.972532642592366825e-01
1.087120038485617446e+00 9.209894235811247887e-01
1.093261959607005229e+00 9.355895106462257527e-01
1.099403880728392791e+00 8.739628241455236202e-01
1.105545801849780574e+00 1.106647187556754286e+00
1.111687722971168135e+00 9.794794299118172454e-01
1.117829644092555919e+00 9.473486942069578864e-01
1.123971565213943480e+00 8.477959918312106824e-01
1.130113486335331263e+00 1.076737125157529729e+00
1.136255407456718824e+00 1.082524470839265618e+00
1.142397328578106608e+00 9.239542484677777390e-01
1.148539249699494169e+00 1.083780897310415714e+00
1.154681170820881952e+00 8.000041697950230901e-01
1.160823091942269514e+00 7.681967620527916374e-01
1.166965013063657297e+00 9.081519282587826591e-01
1.173106934185044858e+00 8.484727214791483174e-01
1.179248855306432642e+00 6.567619265607157475e-01
1.185390776427820203e+00 7.236816286160403511e-01
1.191532697549207986e+00 6.532002481075327438e-01
1.197674618670595548e+00 6.684558487635624546e-01
1.203816539791983331e+00 5.579981270091236567e-01
1.209958460913370892e+00 3.618046562141489786e-01
1.216100382034758676e+00 4.246259450463903407e-01
1.222242303156146237e+00 4.096836300225839000e-01
1.228384224277534020e+00 2.493711516720129306e-01
1.234526145398921582e+00 2.761028044289216554e-01
1.240668066520309365e+00 1.465084709634570104e-01
1.246809987641696926e+00 -1.054565361660527029e-01
1.252951908763084710e+00 8.912735549084255249e-02
1.259093829884472271e+00 -9.472731533075498533e-02
1.265235751005860054e+00 -2.182347102082017321e-01
1.271377672127247616e+00 -3.492272673987826259e-01
1.277519593248635399e+00 -3.883330288998145807e-01
1.283661514370022960e+00 -2.981204768053004051e-01
1.289803435491410744e+00 -5.498883993908112444e-01
1.295945356612798305e+00 -5.519185681886468187e-01
1.302087277734186088e+00 -5.774541477690946500e-01
1.308229198855573649e+00 -7.134249011002836705e-01
1.314371119976961211e+00 -6.913748282289309266e-01
1.320513041098348994e+00 -7.047637213063593364e-01
1.326654962219736555e+00 -6.618438424029825518e-01
1.332796883341124339e+00 -1.024310510037364175e+00
1.338938804462511900e+00 -9.686562407570545874e-01
1.345080725583899683e+00 -9.537375495182779384e-01
1.351222646705287245e+00 -8.708304623048626070e-01
1.357364567826675028e+00 -9.658950206961188778e-01
1.363506488948062589e+00 -1.033449395642195734e+00
1.369648410069450373e+00 -1.216779637648905510e+00
1.375790331190837934e+00 -8.337883257380367397e-01
1.381932252312225717e+00 -9.786041553338330479e-01
1.388074173433613279e+00 -9.801657507455303620e-01
1.394216094555001062e+00 -1.124830682621775324e+00
1.400358015676388623e+00 -9.895500976488927902e-01
1.406499936797776407e+00 -7.173999212001964665e-01
1.412641857919163968e+00 -8.617794930315528790e-01
1.418783779040551751e+00 -9.655291792755325009e-01
1.424925700161939313e+00 -8.737584817963062189e-01
1.431067621283327096e+00 -7.561050015412348335e-01
1.437209542404714657e+00 -6.810047431705575915e-01
1.443351463526102441e+00 -5.562777822949107609e-01
1.449493384647490002e+00 -5.729999902480593654e-01
1.455635305768877785e+00 -6.418336878110318944e-01
1.461777226890265347e+00 -2.391883968386827874e-01
1.467919148011653130e+00 -4.358752483371958197e-01
1.474061069133040691e+00 -1.894412555600459014e-01
1.480202990254428475e+00 -2.633965615543604755e-01
1.486344911375816036e+00 -1.294296467652326921e-01
1.492486832497203819e+00 -7.688139475964918257e-02
1.498628753618591380e+00 -1.277071824394295507e-01
1.504770674739979164e+00 8.230375952491247871e-02
1.510912595861366725e+00 2.696042363240677697e-02
1.517054516982754508e+00 1.146000543508393921e-01
1.523196438104142070e+00 2.405409407974579417e-01
1.529338359225529853e+00 2.133844111158018086e-01
1.535480280346917414e+00 4.365439802199474473e-01
1.541622201468305198e+00 6.098153952579574710e-01
1.547764122589692759e+00 5.064031509254844909e-01
1.553906043711080542e+00 8.004229487105104512e-01
1.560047964832468104e+00 6.436403024032461007e-01
1.566189885953855887e+00 6.298664565863376641e-01
1.572331807075243448e+00 7.526091337703124662e-01
1.578473728196631010e+00 8.131320936993930992e-01
1.584615649318018793e+00 9.332430427481828161e-01
1.590757570439406354e+00 8.685014037224046968e-01
1.596899491560794138e+00 7.543069732854041920e-01
1.603041412682181699e+00 1.060149462852897795e+00
1.609183333803569482e+00 1.191645313435260256e+00
1.615325254924957044e+00 9.758741590051508430e-01
1.621467176046344827e+00 9.036065788817582156e-01
1.627609097167732388e+00 9.114027949324242650e-01
1.633751018289120172e+00 1.028291711885947590e+00
1.639892939410507733e+00 9.547012652467590232e-01
1.646034860531895516e+00 1.105577525060552402e+00
1.652176781653283077e+00 6.941428203869146607e-01
1.658318702774670861e+00 1.031262730450539733e+00
1.664460623896058422e+00 9.723419732938554105e-01
1.670602545017446205e+00 9.190773274272119320e-01
1.676744466138833767e+00 8.071789534550346534e-01
1.682886387260221550e+00 7.058551366621468315e-01
1.689028308381609111e+00 7.015040861241943482e-01
1.695170229502996895e+00 6.655676204097967785e-01
1.701312150624384456e+00 8.063571997807740255e-01
1.707454071745772239e+00 5.868107411023033571e-01
1.713595992867159801e+00 4.418308174405065625e-01
1.719737913988547584e+00 4.120074928784558388e-01
1.725879835109935145e+00 3.762267328034837877e-01
1.732021756231322929e+00 2.405398064966920157e-01
1.738163677352710490e+00 3.784979812524686960e-01
1.744305598474098273e+00 3.432861621324473367e-03
1.750447519595485835e+00 6.288861097894227203e-02
1.756589440716873618e+00 -9.117487180459769858e-02
1.762731361838261179e+00 -2.001224379068851089e-01
1.768873282959648963e+00 -1.359688632993059643e-01
1.775015204081036524e+00 -1.529698455587544803e-01
1.781157125202424307e+00 -3.473558318408264123e-01
1.787299046323811869e+00 -4.216188395054462079e-01
1.793440967445199652e+00 -6.746254851327907476e-01
1.799582888566587213e+00 -5.721957719739018122e-01
1.805724809687974997e+00 -7.044821921630205486e-01
1.811866730809362558e+00 -7.203036152007318282e-01
1.818008651930750341e+00 -7.830806315274015938e-01
1.824150573052137903e+00 -7.473166442616239191e-01
1.830292494173525686e+00 -6.441130423841829877e-01
1.836434415294913247e+00 -9.886321302854536031e-01
1.842576336416300808e+00 -9.919167433636727482e-01
1.848718257537688592e+00 -1.125181007772723119e+00
1.854860178659076153e+00 -9.034870621037582872e-01
1.861002099780463936e+00 -9.910587314540001413e-01
1.867144020901851498e+00 -1.302468111225021818e+00
1.873285942023239281e+00 -9.120330871049286969e-01
1.879427863144626842e+00 -1.035700638127507789e+00
1.885569784266014626e+00 -1.038824925447396907e+00
1.891711705387402187e+00 -1.050621442145282858e+00
1.897853626508789970e+00 -1.091817214452467599e+00
1.903995547630177532e+00 -9.459794088783564092e-01
1.910137468751565315e+00 -1.043685229068740172e+00
1.916279389872952876e+00 -8.160254096353031228e-01
1.922421310994340660e+00 -8.792640781409774009e-01
1.928563232115728221e+00 -7.444484972445009063e-01
1.934705153237116004e+00 -6.827386331550403531e-01
1.940847074358503566e+00 -6.720964410350983576e-01
1.946988995479891349e+00 -6.120864866761547285e-01
1.953130916601278910e+00 -4.922655390188424018e-01
1.959272837722666694e+00 -5.043710626915322015e-01
1.965414758844054255e+00 -4.598811770503263840e-01
1.971556679965442038e+00 -3.069410277159211886e-01
1.977698601086829600e+00 -2.254751216720348728e-01
1.983840522208217383e+00 -2.936428663369262670e-01
1.989982443329604944e+00 -1.903023792697588479e-01
1.996124364450992728e+00 -1.796333423710362032e-01
2.002266285572380511e+00 1.134239829283910719e-02
2.008408206693768072e+00 1.661045812078328077e-01
2.014550127815155633e+00 1.137176844440601770e-01
2.020692048936543195e+00 2.728005173965025731e-01
2.026833970057931200e+00 3.955973881485604915e-01
2.032975891179318761e+00 3.734838433598682839e-01
2.039117812300706323e+00 5.648186312623354466e-01
2.045259733422093884e+00 6.424738374814130681e-01
2.051401654543481889e+00 5.792700799285137592e-01
2.057543575664869451e+00 7.444623967993068137e-01
2.063685496786257012e+00 5.170558704132645067e-01
2.069827417907644573e+00 9.141090800405360373e-01
2.075969339029032579e+00 7.712050299477624105e-01
2.082111260150420140e+00 8.483488794847291459e-01
2.088253181271807701e+00 8.867347076529606964e-01
2.094395102393195263e+00 7.934001319823533738e-01
2.100537023514582824e+00 1.090120071940542612e+00
2.106678944635970829e+00 1.097593754972746805e+00
2.112820865757358391e+00 1.122147730180356184e+00
2.118962786878745952e+00 1.049173028429855048e+00
2.125104708000133513e+00 1.152114827187478152e+00
2.131246629121521519e+00 1.086747630417778776e+00
2.137388550242909080e+00 9.693318010149373221e-01
2.143530471364296641e+00 1.000769572343865432e+00
2.149672392485684203e+00 9.110198707313331701e-01
2.155814313607072208e+00 9.018992522282102131e-01
2.161956234728459769e+00 9.376332633734333344e-01
2.168098155849847331e+00 9.414222839001280541e-01
2.174240076971234892e+00 8.235102197625309151e-01
2.180381998092622897e+00 7.846701489080152303e-01
2.186523919214010458e+00 7.120554171788169295e-01
2.192665840335398020e+00 5.500787940769823470e-01
2.198807761456785581e+00 5.212967997457248481e-01
2.204949682578173586e+00 5.993511073976962589e-01
2.211091603699561148e+00 4.617951950982391862e-01
2.217233524820948709e+00 3.661696649916494350e-01
2.223375445942336270e+00 2.560260466311394811e-01
2.229517367063724276e+00 1.845547020663315108e-01
2.235659288185111837e+00 8.546592150031229185e-03
2.241801209306499398e+00 1.319727943707629525e-01
2.247943130427886960e+00 4.856467242263842049e-02
2.254085051549274965e+00 -2.552093547293999287e-01
2.260226972670662526e+00 8.170559397134430357e-03
2.266368893792050088e+00 -2.563886376069645090e-01
2.272510814913437649e+00 -4.476240564032364366e-01
2.278652736034825654e+00 -3.596432902797097042e-01
2.284794657156213216e+00 -2.906389860101210587e-01
2.290936578277600777e+00 -7.074562008768209287e-01
2.297078499398988338e+00 -7.829087036756029461e-01
2.303220420520376344e+00 -5.349845442317537891e-01
2.309362341641763905e+00 -9.052173006886281570e-01
2.315504262763151466e+00 -7.532904469141527004e-01
2.321646183884539028e+00 -7.714009624466907633e-01
2.327788105005927033e+00 -8.728206625828650589e-01
2.333930026127314594e+00 -8.347574790704354042e-01
2.340071947248702156e+00 -7.524081205343894352e-01
2.346213868370089717e+00 -1.029925360563127335e+00
2.352355789491477722e+00 -8.777024536863986537e-01
2.358497710612865284e+00 -7.923667395642484124e-01
2.364639631734252845e+00 -1.126067384492042356e+00
2.370781552855640406e+00 -9.837292337889680383e-01
2.376923473977027967e+00 -1.097835309709012774e+00
2.383065395098415973e+00 -1.081981814123644803e+00
2.389207316219803534e+00 -9.382701439368199559e-01
2.395349237341191095e+00 -8.368020255477293112e-01
2.401491158462578657e+00 -1.079988460868682054e+00
2.407633079583966662e+00 -9.527630303138880929e-01
2.413775000705354223e+00 -7.738264843119153635e-01
2.419916921826741785e+00 -8.115793171907595971e-01
2.426058842948129346e+00 -7.059390623333776649e-01
2.432200764069517351e+00 -8.776027831621282527e-01
2.438342685190904913e+00 -7.498948496364675753e-01
2.444484606312292474e+00 -5.150232055478481952e-01
2.450626527433680035e+00 -5.017713530989382775e-01
2.456768448555068041e+00 -4.528276863698003085e-01
2.462910369676455602e+00 -4.084674494995329530e-01
2.469052290797843163e+00 -3.276157052463153363e-01
2.475194211919230725e+00 -2.780066857213639997e-01
2.481336133040618730e+00 -1.820236998632402681e-01
2.487478054162006291e+00 -2.031088517029516760e-01
2.493619975283393853e+00 -1.511804155822561446e-01
2.499761896404781414e+00 -1.034634497527725100e-01
2.505903817526169419e+00 1.067176335777638430e-01
2.512045738647556981e+00 1.403316279225233776e-01
2.518187659768944542e+00 1.707920467549211563e-01
2.524329580890332103e+00 2.141598089824923168e-01
2.530471502011720109e+00 4.837554648457962903e-01
2.536613423133107670e+00 3.326550507887500729e-01
2.542755344254495231e+00 5.010981333215911437e-01
2.548897265375882792e+00 5.243037243911078393e-01
2.555039186497270798e+00 6.917600362101770095e-01
2.561181107618658359e+00 7.188519366581721526e-01
2.567323028740045920e+00 8.365286372874344289e-01
2.573464949861433482e+00 6.980110314256772197e-01
2.579606870982821487e+00 7.904922080888007185e-01
2.585748792104209048e+00 1.006770508954455856e+00
2.591890713225596610e+00 8.901477158521364785e-01
2.598032634346984171e+00 9.840396328612418531e-01
2.604174555468372176e+00 1.073063114107890126e+00
2.610316476589759738e+00 9.621772811242129686e-01
2.616458397711147299e+00 9.948995809684928471e-01
2.622600318832534860e+00 1.157689829147134919e+00
2.628742239953922422e+00 9.798255726153085599e-01
2.634884161075310427e+00 8.958465572898841600e-01
2.641026082196697988e+00 9.920012508199365087e-01
2.647168003318085550e+00 9.649028804487460587e-01
2.653309924439473111e+00 9.079452272725510031e-01
2.659451845560861116e+00 8.315443232978267929e-01
2.665593766682248678e+00 8.394796595598784661e-01
2.671735687803636239e+00 9.056662439802820597e-01
2.677877608925023800e+00 8.883725175494110449e-01
2.684019530046411806e+00 8.425122931506026092e-01
2.690161451167799367e+00 6.235457767636487514e-01
2.696303372289186928e+00 5.097067083351133343e-01
2.702445293410574489e+00 3.998151275249980374e-01
2.708587214531962495e+00 6.436730883849071105e-01
2.714729135653350056e+00 3.001570081239373078e-01
2.720871056774737617e+00 4.079109077828910745e-01
2.727012977896125179e+00 4.192622335918182452e-01
2.733154899017513184e+00 4.308829668795171042e-01
2.739296820138900745e+00 1.639764744827185705e-01
2.745438741260288307e+00 -7.135415546423243272e-02
2.751580662381675868e+00 3.800075174221695384e-02
2.757722583503063873e+00 -5.069264076271173813e-06
2.763864504624451435e+00 -2.281252687696445902e-01
2.770006425745838996e+00 -3.297282112310755409e-01
2.776148346867226557e+00 -2.687919083956636923e-01
2.782290267988614563e+00 -3.954443303786751573e-01
2.788432189110002124e+00 -3.000436398693169249e-01
2.794574110231389685e+00 -4.506953525382565440e-01
2.800716031352777247e+00 -4.187037277196130614e-01
2.806857952474165252e+00 -8.959326791898363229e-01
2.812999873595552813e+00 -6.659953915206610064e-01
2.819141794716940375e+00 -8.059436205832685163e-01
2.825283715838327936e+00 -7.259313055385823166e-01
2.831425636959715941e+00 -7.625016443308599845e-01
2.837567558081103503e+00 -9.630605886735210674e-01
2.843709479202491064e+00 -9.081898156331841276e-01
2.849851400323878625e+00 -8.893979283903699073e-01
2.855993321445266631e+00 -9.597887465308043708e-01
2.862135242566654192e+00 -1.075385897540114710e+00
2.868277163688041753e+00 -1.036158419064225233e+00
2.874419084809429314e+00 -1.071446418555414892e+00
2.880561005930817320e+00 -1.011750359673801780e+00
2.886702927052204881e+00 -1.109422393267330165e+00
2.892844848173592442e+00 -9.619671696984399833e-01
2.898986769294980004e+00 -1.068453954890588253e+00
2.905128690416367565e+00 -8.326652933402440837e-01
2.911270611537755570e+00 -8.975869422575138978e-01
2.917412532659143132e+00 -9.879705763841577504e-01
2.923554453780530693e+00 -8.924469760586208888e-01
2.929696374901918254e+00 -7.695977915677366665e-01
2.935838296023306260e+00 -5.471572060718021824e-01
2.941980217144693821e+00 -7.458820786688981075e-01
2.948122138266081382e+00 -7.209102892729893908e-01
2.954264059387468944e+00 -6.116589077079552794e-01
2.960405980508856949e+00 -5.104769955900640976e-01
2.966547901630244510e+00 -3.804570614589540822e-01
2.972689822751632072e+00 -4.378506953437888982e-01
2.978831743873019633e+00 -3.465569093717674187e-01
2.984973664994407638e+00 -1.045954043308566228e-01
2.991115586115795200e+00 -2.005050047976045802e-01
2.997257507237182761e+00 6.153489754175323068e-02
3.003399428358570322e+00 -3.188827810318716621e-02
3.009541349479958328e+00 1.888482901427317173e-01
3.015683270601345889e+00 2.851607651414175271e-01
3.021825191722733450e+00 1.698453629966839573e-01
3.027967112844121012e+00 8.736115558535867409e-02
3.034109033965509017e+00 4.424047102461671765e-01
3.040250955086896578e+00 5.030882692756865060e-01
3.046392876208284139e+00 4.761163793264205912e-01
3.052534797329671701e+00 6.603603834254407889e-01
3.058676718451059706e+00 6.383459031572914499e-01
3.064818639572447267e+00 7.318999283129190569e-01
3.070960560693834829e+00 7.791856435937141168e-01
3.077102481815222390e+00 8.517922731221315713e-01
3.083244402936610395e+00 8.214508466006170684e-01
3.089386324057997957e+00 9.470411305331231100e-01
3.095528245179385518e+00 7.593842831829779039e-01
3.101670166300773079e+00 7.779908088432651025e-01
3.107812087422161085e+00 1.237120863895795564e+00
3.113954008543548646e+00 8.110604518060504642e-01
3.120095929664936207e+00 1.067015510300131753e+00
3.126237850786323769e+00 1.093880816764184916e+00
3.132379771907711774e+00 1.127644088738093187e+00
3.138521693029099335e+00 1.051304640425917425e+00
3.144663614150486897e+00 7.390826078784065167e-01
3.150805535271874458e+00 1.049304259434779230e+00
3.156947456393262019e+00 1.023526095718540585e+00
3.163089377514650025e+00 8.955137436449147614e-01
3.169231298636037586e+00 9.756982422904612040e-01
3.175373219757425147e+00 8.623425104468076530e-01
3.181515140878812709e+00 8.006148575888183405e-01
3.187657062000200714e+00 6.829953317208211638e-01
3.193798983121588275e+00 6.890201982592961683e-01
3.199940904242975837e+00 4.362793905101947090e-01
3.206082825364363398e+00 5.676716241833955623e-01
3.212224746485751403e+00 4.496422141111072190e-01
3.218366667607138965e+00 5.119042979919963265e-01
3.224508588728526526e+00 2.198534154242849925e-01
3.230650509849914087e+00 4.084961174719291543e-01
3.236792430971302093e+00 2.195880312941244361e-01
3.242934352092689654e+00 1.159878525999193943e-01
3.249076273214077215e+00 3.964729017158769020e-02
3.255218194335464776e+00 -1.349453352613094459e-01
3.261360115456852782e+00 -2.880976215260960815e-02
3.267502036578240343e+00 -3.229229067852267265e-01
3.273643957699627904e+00 -2.718409921453357470e-01
3.279785878821015466e+00 -3.712129689213798933e-01
3.285927799942403471e+00 -4.360708125022741966e-01
3.292069721063791032e+00 -5.634157990221184686e-01
3.298211642185178594e+00 -5.924832738903689222e-01
3.304353563306566155e+00 -4.590458835974104979e-01
3.310495484427954160e+00 -6.753857048905703708e-01
3.316637405549341722e+00 -8.787209052699602729e-01
3.322779326670729283e+00 -8.795370704033815823e-01
3.328921247792116844e+00 -8.009176629220049470e-01
3.335063168913504850e+00 -9.950538600222847974e-01
3.341205090034892411e+00 -8.893226242578163854e-01
3.347347011156279972e+00 -8.784903438866658032e-01
3.353488932277667534e+00 -1.192592227110686132e+00
3.359630853399055539e+00 -8.296533615014861640e-01
3.365772774520443100e+00 -1.118907901997789667e+00
3.371914695641830662e+00 -9.836075745543774174e-01
3.378056616763218223e+00 -1.094447129183176548e+00
3.384198537884606228e+00 -9.282597730483146403e-01
3.390340459005993790e+00 -1.173775018094043832e+00
3.396482380127381351e+00 -9.395618206346170176e-01
3.402624301248768912e+00 -1.138001296833194509e+00
3.408766222370156473e+00 -7.685932539432793753e-01
3.414908143491544479e+00 -8.861199458902483395e-01
3.421050064612932040e+00 -7.452206004079983126e-01
3.427191985734319601e+00 -8.059059766819024473e-01
3.433333906855707163e+00 -8.208746735202911982e-01
3.439475827977095168e+00 -7.068023509672476390e-01
3.445617749098482729e+00 -6.541705600626162020e-01
3.451759670219870291e+00 -6.143554067362650972e-01
3.457901591341257852e+00 -3.225302380479995734e-01
3.464043512462645857e+00 -5.004011804124243179e-01
3.470185433584033419e+00 -3.055854051624474765e-01
3.476327354705420980e+00 -4.381019900960341773e-01
3.482469275826808541e+00 -4.463435875542384745e-02
3.488611196948196547e+00 -1.890014003835014389e-01
3.494753118069584108e+00 3.342142726398251995e-02
3.500895039190971669e+00 4.521399205846753089e-02
3.507036960312359231e+00 6.443505077645714230e-02
3.513178881433747236e+00 2.106809359985653274e-01
3.519320802555134797e+00 3.506960135451810401e-01
3.525462723676522359e+00 3.953686755818482945e-01
3.531604644797909920e+00 3.143715682504201192e-01
3.537746565919297925e+00 5.369659438409136731e-01
3.543888487040685487e+00 5.397377289162061942e-01
3.550030408162073048e+00 3.931624847373339504e-01
3.556172329283460609e+00 8.587564521961773556e-01
3.562314250404848615e+00 6.807272827372060631e-01
3.568456171526236176e+00 8.337888802357136253e-01
3.574598092647623737e+00 7.526305043949619300e-01
3.580740013769011298e+00 8.553016221105850247e-01
3.586881934890399304e+00 8.212348458850935451e-01
3.593023856011786865e+00 1.065978681821946550e+00
3.599165777133174426e+00 1.026357858019650848e+00
3.605307698254561988e+00 8.697355919697902227e-01
3.611449619375949993e+00 9.381012151187790860e-01
3.617591540497337554e+00 1.088807574308059412e+00
3.623733461618725116e+00 9.756551019104785505e-01
3.629875382740112677e+00 1.080210451860202703e+00
3.636017303861500682e+00 8.095302589110141556e-01
3.642159224982888244e+00 7.911837960367165135e-01
3.648301146104275805e+00 9.847959823220888698e-01
3.654443067225663366e+00 1.029339220120234710e+00
3.660584988347051372e+00 1.025004001953685462e+00
3.666726909468438933e+00 1.000507693462969527e+00
3.672868830589826494e+00 8.932861520292418867e-01
3.679010751711214056e+00 6.838081136090096157e-01
3.685152672832601617e+00 7.633954892230290223e-01
3.691294593953989622e+00 7.401092485515573527e-01
3.697436515075377184e+00 4.546062718168800698e-01
3.703578436196764745e+00 6.473449005733036277e-01
3.709720357318152306e+00 3.766770542840646163e-01
3.715862278439540312e+00 4.078127184046997922e-01
3.722004199560927873e+00 1.810791416525447672e-01
3.728146120682315434e+00 4.489184551763859554e-01
3.734288041803702995e+00 1.411777344511553067e-01
3.740429962925091001e+00 1.505716775126510476e-01
3.746571884046478562e+00 8.873785363732644704e-02
3.752713805167866123e+00 -6.163712340910867254e-03
3.758855726289253685e+00 -2.305152285110537713e-01
3.764997647410641690e+00 -1.120509867401207754e-01
3.771139568532029251e+00 -2.702654175594191299e-01
3.777281489653416813e+00 -3.294889281364954403e-01
3.783423410774804374e+00 -3.644870871790727440e-01
3.789565331896192379e+00 -3.914744652848070605e-01
3.795707253017579941e+00 -5.978816179263466424e-01
3.801849174138967502e+00 -7.301930287282355492e-01
3.807991095260355063e+00 -6.029045143443856336e-01
3.814133016381743069e+00 -6.746469504232648351e-01
3.820274937503130630e+00 -6.742268087823085621e-01
3.826416858624518191e+00 -8.376634008352307204e-01
3.832558779745905753e+00 -9.134526863816955222e-01
3.838700700867293758e+00 -8.587405051233915065e-01
3.844842621988681319e+00 -9.074624674503094512e-01
3.850984543110068881e+00 -8.425763932237531062e-01
3.857126464231456442e+00 -9.553581047177679419e-01
3.863268385352844447e+00 -9.724297916704517375e-01
3.869410306474232009e+00 -9.583534958511517043e-01
3.875552227595619570e+00 -9.560472679271828644e-01
3.881694148717007131e+00 -8.639249054451566545e-01
3.887836069838395137e+00 -1.096828842824552952e+00
3.893977990959782698e+00 -9.858103334867974743e-01
3.900119912081170259e+00 -8.532287709102337470e-01
3.906261833202557820e+00 -8.790418414080799492e-01
3.912403754323945826e+00 -8.653763716494571323e-01
3.918545675445333387e+00 -7.836244797482462277e-01
3.924687596566720948e+00 -7.291065334874843318e-01
3.930829517688108510e+00 -5.764178397675707721e-01
3.936971438809496071e+00 -6.845548130820818811e-01
3.943113359930884076e+00 -5.959891504802199425e-01
3.949255281052271638e+00 -6.596369557305605813e-01
3.955397202173659199e+00 -4.791210396893627599e-01
3.961539123295046760e+00 -4.781846242133088176e-01
3.967681044416434766e+00 -3.800957120065924788e-01
3.973822965537822327e+00 -2.023353761574516185e-01
3.979964886659209888e+00 -2.752452932242827055e-01
3.986106807780597450e+00 -2.209004701855110664e-01
3.992248728901985455e+00 1.309921824879403118e-01
3.998390650023373016e+00 -6.408572319960986752e-02
4.004532571144761022e+00 -5.561305173839289212e-02
4.010674492266148583e+00 -8.437524236272120337e-02
4.016816413387536144e+00 1.001821304129621448e-01
4.022958334508923706e+00 3.828497976911314771e-01
4.029100255630311267e+00 2.842270299338108819e-01
4.035242176751698828e+00 5.688036708408336084e-01
4.041384097873086390e+00 5.069308529940904640e-01
4.047526018994473951e+00 4.379131966708492696e-01
4.053667940115862400e+00 6.131660584581386519e-01
4.059809861237249962e+00 6.324397637815966089e-01
4.065951782358637523e+00 6.196687869264931869e-01
4.072093703480025084e+00 8.928973444080021693e-01
4.078235624601412646e+00 8.530022849240506133e-01
4.084377545722800207e+00 9.477856073201325060e-01
4.090519466844187768e+00 9.254543836402057133e-01
4.096661387965575329e+00 7.406982903889109959e-01
4.102803309086963779e+00 9.040929666844973456e-01
4.108945230208351340e+00 9.109274375878797514e-01
4.115087151329738901e+00 8.946893479189603759e-01
4.121229072451126463e+00 1.026482869138585219e+00
4.127370993572514024e+00 8.676870602308094371e-01
4.133512914693901585e+00 1.077799132561553019e+00
4.139654835815289147e+00 1.000235284653380186e+00
4.145796756936676708e+00 9.221011649171673152e-01
4.151938678058065157e+00 9.540744766639003283e-01
4.158080599179452719e+00 8.760201608730192602e-01
4.164222520300840280e+00 8.256167598687781384e-01
4.170364441422227841e+00 7.504099482146510125e-01
4.176506362543615403e+00 9.094615938453726178e-01
4.182648283665002964e+00 7.492936037711162012e-01
4.188790204786390525e+00 6.554177339801960933e-01
4.194932125907778087e+00 7.994024978117489910e-01
4.201074047029165648e+00 5.836554466898786764e-01
4.207215968150554097e+00 6.182663436717461547e-01
4.213357889271941659e+00 3.582866874731110984e-01
4.219499810393329220e+00 2.180869510384578491e-01
4.225641731514716781e+00 1.668364740363048881e-01
4.231783652636104343e+00 2.232638005778970758e-01
4.237925573757491904e+00 2.181191622728378410e-01
4.244067494878879465e+00 6.734004476706799414e-02
4.250209416000267026e+00 1.695019808442465789e-02
4.256351337121655476e+00 -5.012834091476972564e-02
4.262493258243043037e+00 -2.067756736113118277e-01
4.268635179364430599e+00 -2.047032070145792249e-01
4.274777100485818160e+00 -2.296582458210174593e-01
4.280919021607205721e+00 -7.764569951589123109e-02
4.287060942728593282e+00 -5.527739898684669306e-01
4.293202863849980844e+00 -5.191654989054266256e-01
4.299344784971368405e+00 -5.715384081074897926e-01
4.305486706092756855e+00 -7.287929781495099402e-01
4.311628627214144416e+00 -7.431719917694415978e-01
4.317770548335531977e+00 -7.916334764785470934e-01
4.323912469456919538e+00 -7.680257917858186456e-01
4.330054390578307100e+00 -1.088497612578176010e+00
4.336196311699694661e+00 -8.259204231878822799e-01
4.342338232821082222e+00 -1.076864120325613960e+00
4.348480153942469784e+00 -7.834300102412390387e-01
4.354622075063858233e+00 -8.437834034692284213e-01
4.360763996185245794e+00 -9.154827836671138863e-01
4.366905917306633356e+00 -1.228350197693269585e+00
4.373047838428020917e+00 -1.139644120376511083e+00
4.379189759549408478e+00 -1.016524564193498570e+00
4.385331680670796040e+00 -1.103463795537345415e+00
4.391473601792183601e+00 -1.054966225962270743e+00
4.397615522913571162e+00 -1.026077903323760809e+00
4.403757444034959612e+00 -9.298062606581659617e-01
4.409899365156347173e+00 -1.115106189386533497e+00
4.416041286277734734e+00 -7.572655143047000159e-01
4.422183207399122296e+00 -9.216547959491241393e-01
4.428325128520509857e+00 -6.715643590629132298e-01
4.434467049641897418e+00 -1.075351361402396622e+00
4.440608970763284979e+00 -5.996944943818817153e-01
4.446750891884672541e+00 -6.283158584351887788e-01
4.452892813006060990e+00 -6.133701098478397951e-01
4.459034734127448552e+00 -4.684087402918477028e-01
4.465176655248836113e+00 -4.255077753121185857e-01
4.471318576370223674e+00 -5.308602675229674439e-01
4.477460497491611235e+00 -2.187493366236027414e-01
4.483602418612998797e+00 -1.494613305729227126e-01
4.489744339734386358e+00 -8.587517219437482141e-02
4.495886260855773919e+00 2.592204982804321295e-02
4.502028181977161481e+00 1.004513957419580217e-01
4.508170103098549930e+00 1.486080218168406297e-01
4.514312024219937491e+00 -1.708984473905186818e-02
4.520453945341325053e+00 3.534165718698846215e-01
4.526595866462712614e+00 4.835294249418653489e-01
4.532737787584100175e+00 3.430184111927060409e-01
4.538879708705487737e+00 4.980257203307038028e-01
4.545021629826875298e+00 5.400917211687974451e-01
4.551163550948262859e+00 5.328900533141569529e-01
4.557305472069651309e+00 7.165239727272598724e-01
4.563447393191038870e+00 7.110274692491034276e-01
4.569589314312426431e+00 8.523500133850655525e-01
4.575731235433813993e+00 7.796067628450646936e-01
4.581873156555201554e+00 7.806179243159832026e-01
4.588015077676589115e+00 9.118894200133301764e-01
4.594156998797976676e+00 7.179745449671162127e-01
4.600298919919364238e+00 9.555089209976311837e-01
4.606440841040752687e+00 9.102695559416116300e-01
4.612582762162140249e+00 1.161303976344192357e+00
4.618724683283527810e+00 1.040505176892995820e+00
4.624866604404915371e+00 9.907658607227567416e-01
4.631008525526302932e+00 1.093919038158245982e+00
4.637150446647690494e+00 9.800332949337104971e-01
4.643292367769078055e+00 9.697503303223337090e-01
4.649434288890465616e+00 8.663773032509771710e-01
4.655576210011854066e+00 8.563011439261568603e-01
4.661718131133241627e+00 8.642936830809008208e-01
4.667860052254629188e+00 7.869163842439570455e-01
4.674001973376016750e+00 8.350343291912454280e-01
4.680143894497404311e+00 7.460903126648575912e-01
4.686285815618791872e+00 5.961575668476148948e-01
4.692427736740179434e+00 5.175709515362069135e-01
4.698569657861566995e+00 5.450601219304052059e-01
4.704711578982955444e+00 3.839460045241431807e-01
4.710853500104343006e+00 4.157463529101927957e-01
4.716995421225730567e+00 1.293033642852428056e-01
4.723137342347118128e+00 2.900132994195427916e-01
4.729279263468505690e+00 4.522115932247414150e-01
4.735421184589893251e+00 7.896848837735025162e-02
4.741563105711280812e+00 1.604409232915533501e-01
4.747705026832668374e+00 -4.903471150423050623e-02
4.753846947954055935e+00 -3.370286669373235428e-02
4.759988869075444384e+00 -1.792347498947862994e-01
4.766130790196831946e+00 -2.036601218252954704e-01
4.772272711318219507e+00 -1.463417001931490435e-01
4.778414632439607068e+00 -2.427862755522814386e-01
4.784556553560994629e+00 -5.048012753584341095e-01
4.790698474682382191e+00 -4.557924593132240410e-01
4.796840395803769752e+00 -6.531886064001385384e-01
4.802982316925157313e+00 -6.416607812652216358e-01
4.809124238046545763e+00 -8.285317170927016805e-01
4.815266159167933324e+00 -7.621160206213879462e-01
4.821408080289320885e+00 -7.367144566026376795e-01
4.827550001410708447e+00 -7.522578557066602611e-01
4.833691922532096008e+00 -8.827396985976888599e-01
4.839833843653483569e+00 -8.729506076504112144e-01
4.845975764774871131e+00 -8.125784220784315615e-01
4.852117685896258692e+00 -9.392478030588905513e-01
4.858259607017647141e+00 -1.093128791435459268e+00
4.864401528139034703e+00 -1.139484093932116027e+00
4.870543449260422264e+00 -1.005479626127755655e+00
4.876685370381809825e+00 -7.295830429478582513e-01
4.882827291503197387e+00 -8.949307963932434662e-01
4.888969212624584948e+00 -1.018511069159877547e+00
4.895111133745972509e+00 -8.816189455472460690e-01
4.901253054867360071e+00 -8.744961350114076604e-01
4.907394975988748520e+00 -9.819216978325530087e-01
4.913536897110136081e+00 -9.414893927412538721e-01
4.919678818231523643e+00 -8.596967362545934188e-01
4.925820739352911204e+00 -8.309789203790306500e-01
4.931962660474298765e+00 -6.573655966150427910e-01
4.938104581595686327e+00 -7.030644067668077035e-01
4.944246502717073888e+00 -4.940178771371496191e-01
4.950388423838461449e+00 -6.338673244013527386e-01
4.956530344959849899e+00 -5.022387653201246804e-01
4.962672266081237460e+00 -4.111423621037069154e-01
4.968814187202625021e+00 -1.666719168792985539e-01
4.974956108324012583e+00 -1.669900340860097643e-01
4.981098029445400144e+00 -2.337366688437391149e-01
4.987239950566787705e+00 -9.117139788830697089e-02
4.993381871688175266e+00 -1.223231975000937249e-01
4.999523792809562828e+00 -1.286318883033577276e-01
5.005665713930950389e+00 1.501587061614329810e-01
5.011807635052338838e+00 8.232690219379922014e-02
5.017949556173726400e+00 2.568102614409064066e-01
5.024091477295113961e+00 3.360807519236745367e-01
5.030233398416501522e+00 4.776174401655590707e-01
5.036375319537889084e+00 4.492496314255548517e-01
5.042517240659276645e+00 4.420586618901071185e-01
5.048659161780664206e+00 5.240208213221438927e-01
5.054801082902051768e+00 6.244180801190266639e-01
5.060943004023440217e+00 8.308746102352527751e-01
5.067084925144827778e+00 7.736968462437728844e-01
5.073226846266215340e+00 7.411769664384574297e-01
5.079368767387602901e+00 8.021178358371663375e-01
5.085510688508990462e+00 9.509461830437656582e-01
5.091652609630378024e+00 8.807887095240971576e-01
5.097794530751765585e+00 8.974990659003335702e-01
5.103936451873153146e+00 9.095460842428311210e-01
5.110078372994541596e+00 1.167913502093406164e+00
5.116220294115929157e+00 9.446705743978276448e-01
5.122362215237316718e+00 8.385740911757068039e-01
5.128504136358704280e+00 1.078066930783386113e+00
5.134646057480091841e+00 9.144451383790404009e-01
5.140787978601479402e+00 1.098823723354300785e+00
5.146929899722866963e+00 1.041956340003276749e+00
5.153071820844254525e+00 8.995667729180226724e-01
5.159213741965642974e+00 8.120487861872213164e-01
5.165355663087030536e+00 8.245344729810514250e-01
5.171497584208418097e+00 8.535338741257260109e-01
5.177639505329805658e+00 7.017682112397678473e-01
5.183781426451193219e+00 7.220114076347580179e-01
5.189923347572580781e+00 5.681671118505879914e-01
5.196065268693968342e+00 6.625987835904491030e-01
5.202207189815355903e+00 3.796086637066376501e-01
5.208349110936744353e+00 5.180704125959919581e-01
5.214491032058131914e+00 4.111354388984438391e-01
5.220632953179519475e+00 1.683123081513977215e-01
5.226774874300907037e+00 2.313392629739151607e-01
5.232916795422294598e+00 1.578338825971983272e-01
5.239058716543682159e+00 9.758810661078434756e-02
5.245200637665069721e+00 5.061489052875732531e-02
5.251342558786457282e+00 -3.321318857128918028e-02
5.257484479907844843e+00 -1.185122979505857654e-01
5.263626401029233293e+00 -8.454430740377782971e-02
5.269768322150620854e+00 -1.251459625084279659e-01
5.275910243272008415e+00 -2.970878351540017781e-01
5.282052164393395977e+00 -2.891932789242795954e-01
5.288194085514783538e+00 -4.355004662170420815e-01
5.294336006636171099e+00 -6.096204173352485212e-01
5.300477927757558660e+00 -6.543669059859685833e-01
5.306619848878946222e+00 -6.910579779638039710e-01
5.312761770000334671e+00 -8.015504782079333479e-01
5.318903691121722233e+00 -6.469579995296719233e-01
5.325045612243109794e+00 -8.244713701975097120e-01
5.331187533364497355e+00 -7.918528019538446650e-01
5.337329454485884916e+00 -8.699550765804680008e-01
5.343471375607272478e+00 -8.310344072045664499e-01
5.349613296728660039e+00 -1.174671460946957069e+00
5.355755217850047600e+00 -9.117134968372918591e-01
5.361897138971436050e+00 -1.105382919076476789e+00
5.368039060092823611e+00 -1.038450864296895260e+00
5.374180981214211172e+00 -1.085939510821779530e+00
5.380322902335598734e+00 -1.025244470333227742e+00
5.386464823456986295e+00 -8.586141192507458220e-01
5.392606744578373856e+00 -9.941587537992020440e-01
5.398748665699761418e+00 -1.130271472834343482e+00
5.404890586821148979e+00 -9.539870138400716737e-01
5.411032507942537428e+00 -1.029883251112061471e+00
5.417174429063924990e+00 -8.368933192343298577e-01
5.423316350185312551e+00 -8.104211475224398775e-01
5.429458271306700112e+00 -7.095128175042559882e-01
5.435600192428087674e+00 -7.691291285097103803e-01
5.441742113549475235e+00 -7.648064513099326334e-01
5.447884034670862796e+00 -4.814481333584065270e-01
5.454025955792250357e+00 -4.466965430152587402e-01
5.460167876913638807e+00 -4.269821765618581066e-01
5.466309798035026368e+00 -2.472560921547545254e-01
5.472451719156413930e+00 -5.300116709827963346e-01
5.478593640277801491e+00 -1.333831864709831283e-01
5.484735561399189052e+00 -1.999484539936775551e-01
5.490877482520576613e+00 -2.038666217842309836e-01
5.497019403641964175e+00 -6.799915213302296091e-02
5.503161324763351736e+00 -1.486710171177463291e-02
5.509303245884739297e+00 -9.648755143025417036e-02
5.515445167006127747e+00 -2.133388741430936042e-02
5.521587088127515308e+00 3.013481817953815312e-01
5.527729009248902869e+00 3.885044748687184746e-01
5.533870930370290431e+00 5.421894574591774596e-01
5.540012851491677992e+00 4.711339652830958125e-01
5.546154772613065553e+00 5.205654111619077984e-01
5.552296693734453115e+00 5.226078101144038257e-01
5.558438614855840676e+00 5.443398064630367017e-01
5.564580535977229125e+00 5.826936277333031322e-01
5.570722457098616687e+00 8.770162086242387911e-01
5.576864378220004248e+00 8.037516525218478813e-01
5.583006299341391809e+00 8.548308568411524533e-01
5.589148220462779371e+00 8.103708555372578504e-01
5.595290141584166932e+00 8.533084986290961904e-01
5.601432062705554493e+00 9.083400260674794335e-01
5.607573983826942055e+00 1.097252407123158635e+00
5.613715904948330504e+00 1.075714254678629356e+00
5.619857826069718065e+00 1.169065876044554475e+00
5.625999747191105627e+00 1.124437049673613798e+00
5.632141668312493188e+00 9.420365523413177788e-01
5.638283589433880749e+00 1.005310227720139338e+00
5.644425510555268310e+00 9.853887481622858324e-01
5.650567431676655872e+00 9.683297720768073713e-01
5.656709352798043433e+00 8.439012496468909497e-01
5.662851273919431883e+00 8.722601001393811559e-01
5.668993195040819444e+00 7.386652121286036987e-01
5.675135116162207005e+00 9.010583790183928077e-01
5.681277037283594566e+00 8.392092749800220686e-01
5.687418958404982128e+00 9.528773319562787725e-01
5.693560879526369689e+00 8.201909241082432356e-01
5.699702800647757250e+00 5.649882095097267243e-01
5.705844721769144812e+00 6.835752462060860069e-01
5.711986642890533261e+00 4.997977955208011691e-01
5.718128564011920822e+00 2.924686925562331452e-01
5.724270485133308384e+00 2.997598401775142807e-01
5.730412406254695945e+00 2.767140671759917292e-01
5.736554327376083506e+00 1.158544185274295590e-01
5.742696248497471068e+00 1.115237976176890189e-02
5.748838169618858629e+00 1.416453542024076750e-01
5.754980090740246190e+00 5.647084359115872587e-03
5.761122011861634640e+00 -1.914749825963143748e-01
5.767263932983022201e+00 -1.177465503488292764e-01
5.773405854104409762e+00 -3.620282501883505533e-01
5.779547775225797324e+00 -2.984797890395085584e-01
5.785689696347184885e+00 -3.637783685554800139e-01
5.791831617468572446e+00 -5.305372219073292150e-01
5.797973538589960008e+00 -8.497487735509022810e-01
5.804115459711347569e+00 -6.668740288948897810e-01
5.810257380832735130e+00 -8.951556269237491703e-01
5.816399301954123580e+00 -8.908668162790885914e-01
5.822541223075511141e+00 -8.467986578408742693e-01
5.828683144196898702e+00 -1.031367913250634372e+00
5.834825065318286264e+00 -1.028032804166560066e+00
5.840966986439673825e+00 -8.469137867067400016e-01
5.847108907561061386e+00 -9.440905341218400748e-01
5.853250828682448947e+00 -7.669631639054694805e-01
5.859392749803836509e+00 -9.905032201628464206e-01
5.865534670925224958e+00 -8.031280606825463853e-01
5.871676592046612519e+00 -9.539381510799651576e-01
5.877818513168000081e+00 -1.047791972712484254e+00
5.883960434289387642e+00 -9.776782104730011858e-01
5.890102355410775203e+00 -9.937835871505925622e-01
5.896244276532162765e+00 -9.271269069403837992e-01
5.902386197653550326e+00 -1.079386782166831038e+00
5.908528118774937887e+00 -8.423315654119716278e-01
5.914670039896326337e+00 -8.326766841649433371e-01
5.920811961017713898e+00 -6.835894318693898075e-01
5.926953882139101459e+00 -7.669143893142719159e-01
5.933095803260489021e+00 -7.361943668056080137e-01
5.939237724381876582e+00 -8.495548775746262216e-01
5.945379645503264143e+00 -4.722261760940376085e-01
5.951521566624651705e+00 -5.508731393870184290e-01
5.957663487746039266e+00 -6.351063280641817688e-01
5.963805408867427715e+00 -6.218080448623578560e-01
5.969947329988815277e+00 -2.222328999294317653e-01
5.976089251110202838e+00 -1.321601697085907356e-01
5.982231172231590399e+00 -7.607688043087645902e-02
5.988373093352977961e+00 -9.810811240886663231e-02
5.994515014474365522e+00 -4.105436791771296251e-02
6.000656935595753083e+00 8.992510613925942808e-02
6.006798856717140644e+00 1.326288330379590819e-01
6.012940777838529094e+00 3.227359544895304078e-01
6.019082698959916655e+00 7.620790853613851334e-02
6.025224620081304217e+00 5.190636114054744121e-01
6.031366541202691778e+00 4.765161090940994715e-01
6.037508462324079339e+00 4.520949095566733633e-01
6.043650383445466900e+00 4.781504157574832936e-01
6.049792304566854462e+00 4.523745092946642732e-01
6.055934225688242023e+00 7.778456081676721201e-01
6.062076146809629584e+00 6.601062108607451684e-01
6.068218067931018034e+00 6.758260824958068902e-01
6.074359989052405595e+00 8.668299092769591319e-01
6.080501910173793156e+00 6.504296567797568374e-01
6.086643831295180718e+00 7.619250280920873974e-01
6.092785752416568279e+00 7.877752142904859145e-01
6.098927673537955840e+00 9.344168500262198807e-01
6.105069594659343402e+00 9.741775745811074305e-01
6.111211515780730963e+00 9.438281695741845834e-01
6.117353436902119412e+00 9.120880211238461266e-01
6.123495358023506974e+00 1.180610602577795598e+00
6.129637279144894535e+00 1.068132381770796613e+00
6.135779200266282096e+00 1.141718450576764798e+00
6.141921121387669658e+00 9.724407420216503173e-01
6.148063042509057219e+00 1.017405830138823131e+00
6.154204963630444780e+00 9.854278343243233484e-01
6.160346884751832341e+00 8.317208811077314579e-01
6.166488805873220791e+00 9.208414365809960422e-01
6.172630726994608352e+00 9.052967255562713866e-01
6.178772648115995914e+00 9.204822909491187088e-01
6.184914569237383475e+00 7.305776603757779819e-01
6.191056490358771036e+00 8.267174846377943753e-01
6.197198411480158597e+00 4.610344208225323204e-01
6.203340332601546159e+00 5.811041368071465651e-01
6.209482253722933720e+00 5.223956142161236826e-01
6.215624174844322170e+00 3.296063855421897393e-01
6.221766095965709731e+00 2.527206589289532346e-01
6.227908017087097292e+00 3.254927347746436883e-01
6.234049938208484853e+00 2.461294808554335689e-01
6.240191859329872415e+00 2.281249200283924083e-01
6.246333780451259976e+00 -1.461597171067655909e-01
6.252475701572647537e+00 1.639579508790790785e-01
6.258617622694035099e+00 -1.042369844429262560e-02
6.264759543815423548e+00 -1.120677502667654646e-01
6.270901464936811109e+00 -8.360431984870245192e-02
6.277043386058198671e+00 -2.995902557674177680e-01
6.283185307179586232e+00 -3.710525184549792188e-01
