0.000000000000000000e+00 -9.162183415717679857e-02
6.141921121387669720e-03 1.331919224718069727e-01
1.228384224277533944e-02 1.359756374859721895e-01
1.842576336416301003e-02 1.774731883849323122e-01
2.456768448555067888e-02 2.005758918049954376e-01
3.070960560693834773e-02 3.199222705464427330e-01
3.685152672832602005e-02 6.055721986580305805e-01
4.299344784971368544e-02 4.974814787119893333e-01
4.913536897110135776e-02 4.402452388849528719e-01
5.527729009248903008e-02 4.845304928272737288e-01
6.141921121387669547e-02 4.340909620803516944e-01
6.756113233526436779e-02 5.533632865646477272e-01
7.370305345665204011e-02 5.853023635058425267e-01
7.984497457803971243e-02 7.981481510606788232e-01
8.598689569942737088e-02 7.405054717755404914e-01
9.212881682081504320e-02 6.361338897279864568e-01
9.827073794220271552e-02 8.313320469993191741e-01
1.044126590635903878e-01 8.258278221087907989e-01
1.105545801849780602e-01 8.969830549090436200e-01
1.166965013063657186e-01 8.294039439047179441e-01
1.228384224277533909e-01 8.266846153249177709e-01
1.289803435491410633e-01 8.920338825752038847e-01
1.351222646705287356e-01 9.610053902263001602e-01
1.412641857919164079e-01 9.063859794614118615e-01
1.474061069133040802e-01 9.545296075778575418e-01
1.535480280346917525e-01 7.679634452281287604e-01
1.596899491560794249e-01 1.232699153483791221e+00
1.658318702774670694e-01 1.054378063575063695e+00
1.719737913988547418e-01 9.900412333930347364e-01
1.781157125202424141e-01 1.026805619491801824e+00
1.842576336416300864e-01 1.043515878890131976e+00
1.903995547630177587e-01 9.683001388636101048e-01
1.965414758844054310e-01 7.749797751475859808e-01
2.026833970057931034e-01 9.371727844617150360e-01
2.088253181271807757e-01 8.278058888673269777e-01
2.149672392485684480e-01 1.054077353911387238e+00
2.211091603699561203e-01 7.921125893853011579e-01
2.272510814913437927e-01 7.371827218881497057e-01
2.333930026127314372e-01 8.407547004261597401e-01
2.395349237341191095e-01 8.439572478715533510e-01
2.456768448555067819e-01 7.007971313014914605e-01
2.518187659768944542e-01 7.350382589585059412e-01
2.579606870982821265e-01 8.079772304690300277e-01
2.641026082196697988e-01 6.018344090592042672e-01
2.702445293410574712e-01 4.864909380119047388e-01
2.763864504624451435e-01 6.455979193923315762e-01
2.825283715838328158e-01 3.963169676403545671e-01
2.886702927052204881e-01 4.748685200059273304e-01
2.948122138266081604e-01 3.946063616028386845e-01
3.009541349479958328e-01 3.694486042351757815e-01
3.070960560693835051e-01 9.112127431561545254e-02
3.132379771907711774e-01 1.712123708809358269e-01
3.193798983121588497e-01 1.630035568616597930e-01
3.255218194335465220e-01 1.170633099008424050e-01
3.316637405549341389e-01 -3.676698658612240211e-04
3.378056616763218112e-01 4.104693013246597799e-03
3.439475827977094835e-01 -1.283200547309436557e-01
3.500895039190971558e-01 -8.788727769630350073e-02
3.562314250404848281e-01 -2.289721686122158928e-01
3.623733461618725005e-01 -1.095563316845716284e-01
3.685152672832601728e-01 -2.901831355087025610e-01
3.746571884046478451e-01 -2.764003776158378556e-01
3.807991095260355174e-01 -4.426982947714078187e-01
3.869410306474231898e-01 -5.252577294026642418e-01
3.930829517688108621e-01 -7.810763537253656574e-01
3.992248728901985344e-01 -6.318434955927531016e-01
4.053667940115862067e-01 -6.301494495882810076e-01
4.115087151329738790e-01 -7.417069792498129921e-01
4.176506362543615514e-01 -6.028921594636089676e-01
4.237925573757492237e-01 -6.793749576083900621e-01
4.299344784971368960e-01 -7.453131911898744910e-01
4.360763996185245683e-01 -8.161911010711165870e-01
4.422183207399122407e-01 -7.661772993814337518e-01
4.483602418612999130e-01 -8.111781673864738584e-01
4.545021629826875853e-01 -8.575395298688838208e-01
4.606440841040752021e-01 -1.085976593924900424e+00
4.667860052254628744e-01 -1.106562916611585123e+00
4.729279263468505468e-01 -1.076268320826533564e+00
4.790698474682382191e-01 -9.328355011418133502e-01
4.852117685896258914e-01 -9.785840889787399410e-01
4.913536897110135637e-01 -9.857989035594776350e-01
4.974956108324012360e-01 -9.175549512821996601e-01
5.036375319537889084e-01 -8.112935375180037045e-01
5.097794530751765807e-01 -1.112497377869286597e+00
5.159213741965642530e-01 -1.115336406711365580e+00
5.220632953179519253e-01 -9.800984434666635270e-01
5.282052164393395977e-01 -1.027954700591867887e+00
5.343471375607272700e-01 -9.528696369245640563e-01
5.404890586821149423e-01 -1.098002953346037813e+00
5.466309798035026146e-01 -9.775317620346485326e-01
5.527729009248902869e-01 -1.060346366175640709e+00
5.589148220462779593e-01 -8.992590429211340108e-01
5.650567431676656316e-01 -9.767920201998854246e-01
5.711986642890533039e-01 -7.682172757499168281e-01
5.773405854104409762e-01 -7.062434024943902156e-01
5.834825065318286486e-01 -5.795567509828450925e-01
5.896244276532163209e-01 -7.580933936981983923e-01
5.957663487746039932e-01 -6.687118314903132132e-01
6.019082698959916655e-01 -4.326956576650531350e-01
6.080501910173793378e-01 -5.131327532573064509e-01
6.141921121387670102e-01 -5.068987357573256913e-01
6.203340332601546825e-01 -3.582379375930320187e-01
6.264759543815423548e-01 -2.540016710814570478e-01
6.326178755029300271e-01 -3.428211894336623544e-01
6.387597966243176995e-01 -2.001007455730968720e-01
6.449017177457053718e-01 -1.108177101097364003e-01
6.510436388670930441e-01 -1.918837436820968190e-01
6.571855599884806054e-01 -1.361859111276285117e-01
6.633274811098682777e-01 5.556556304908832900e-02
6.694694022312559500e-01 -2.040723443687370020e-01
6.756113233526436224e-01 -7.777938512283467942e-02
6.817532444740312947e-01 1.061868075292632246e-01
6.878951655954189670e-01 2.748925139295178566e-01
6.940370867168066393e-01 2.853601090549089947e-01
7.001790078381943117e-01 3.574930356107521856e-01
7.063209289595819840e-01 5.938156736911173184e-01
7.124628500809696563e-01 5.541197706586643568e-01
7.186047712023573286e-01 3.651395466826563019e-01
7.247466923237450009e-01 5.674439145581466892e-01
7.308886134451326733e-01 5.194777925099762772e-01
7.370305345665203456e-01 6.760906365566130560e-01
7.431724556879080179e-01 7.628247396188982954e-01
7.493143768092956902e-01 7.052146513392910654e-01
7.554562979306833626e-01 8.791242513956136762e-01
7.615982190520710349e-01 8.828331341687739586e-01
7.677401401734587072e-01 8.858985258139985275e-01
7.738820612948463795e-01 9.868081088842965976e-01
7.800239824162340518e-01 9.441371128051775363e-01
7.861659035376217242e-01 9.478181712820366034e-01
7.923078246590093965e-01 9.684294721853544674e-01
7.984497457803970688e-01 8.321083013513093096e-01
8.045916669017847411e-01 8.901451036028930064e-01
8.107335880231724135e-01 8.971287383543079530e-01
8.168755091445600858e-01 1.010993396095325236e+00
8.230174302659477581e-01 1.115646856119927977e+00
8.291593513873354304e-01 1.057646526512544538e+00
8.353012725087231027e-01 1.144750499156443224e+00
8.414431936301107751e-01 1.005768972095052005e+00
8.475851147514984474e-01 9.822140215159205212e-01
8.537270358728861197e-01 9.059434052005923554e-01
8.598689569942737920e-01 1.155695266541085342e+00
8.660108781156614643e-01 1.168944308569438428e+00
8.721527992370491367e-01 8.818013588575092099e-01
8.782947203584368090e-01 9.707977995854499831e-01
8.844366414798244813e-01 7.631003073884015109e-01
8.905785626012121536e-01 9.677522330479012558e-01
8.967204837225998260e-01 8.371419848265757579e-01
9.028624048439874983e-01 8.953930249137732611e-01
9.090043259653751706e-01 6.989425509293214489e-01
9.151462470867628429e-01 6.560749648850500160e-01
9.212881682081504042e-01 4.601396170950973197e-01
9.274300893295380765e-01 6.436497765322133358e-01
9.335720104509257489e-01 5.792279717193078437e-01
9.397139315723134212e-01 6.033071920302600644e-01
9.458558526937010935e-01 4.787905646247344604e-01
9.519977738150887658e-01 5.035437880342111816e-01
9.581396949364764382e-01 4.415957941194115222e-01
9.642816160578641105e-01 3.966656997795768302e-01
9.704235371792517828e-01 4.186167831456716337e-01
9.765654583006394551e-01 2.796364326322151594e-01
9.827073794220271274e-01 -3.724149696539758025e-02
9.888493005434147998e-01 4.180035922269940141e-01
9.949912216648024721e-01 4.411227979366271618e-02
1.001133142786190255e+00 -4.916063349587122822e-02
1.007275063907577817e+00 -1.349184011917333170e-01
1.013416985028965600e+00 -1.846337906980540233e-01
1.019558906150353161e+00 -7.803130872849282917e-02
1.025700827271740945e+00 -2.194472115462912376e-01
1.031842748393128506e+00 -1.160300669819127051e-01
1.037984669514516289e+00 -4.030910838236682614e-01
1.044126590635903851e+00 -3.516824859557461380e-01
1.050268511757291412e+00 -5.134678456503108945e-01
1.056410432878679195e+00 -5.775102486713459271e-01
1.062552354000066757e+00 -5.480941993697922010e-01
1.068694275121454540e+00 -6.221165172024720746e-01
1.074836196242842101e+00 -5.875556385164529827e-01
1.080978117364229885e+00 -6.399569003011993384e-01
1.087120038485617446e+00 -5.844933051282749092e-01
1.093261959607005229e+00 -9.193898087873819680e-01
1.099403880728392791e+00 -6.519418862112045243e-01
1.105545801849780574e+00 -8.576737992556783263e-01
1.111687722971168135e+00 -8.421609705411499114e-01
1.117829644092555919e+00 -9.156734671152439997e-01
1.123971565213943480e+00 -9.400726164469342949e-01
1.130113486335331263e+00 -9.687795229717868217e-01
1.136255407456718824e+00 -1.062361138490468981e+00
1.142397328578106608e+00 -9.306617084913981763e-01
1.148539249699494169e+00 -9.531844801823353697e-01
1.154681170820881952e+00 -1.063767759876720120e+00
1.160823091942269514e+00 -8.489092128890217692e-01
1.166965013063657297e+00 -8.966107720840719164e-01
1.173106934185044858e+00 -9.183161400821040488e-01
1.179248855306432642e+00 -1.028753762981760467e+00
1.185390776427820203e+00 -9.396812069799915790e-01
1.191532697549207986e+00 -8.493202291028528750e-01
1.197674618670595548e+00 -9.341840869642791256e-01
1.203816539791983331e+00 -9.302814260646926625e-01
1.209958460913370892e+00 -9.587902815877976659e-01
1.216100382034758676e+00 -8.640225917330216499e-01
1.222242303156146237e+00 -1.002889850547297179e+00
1.228384224277534020e+00 -9.503767607369395520e-01
1.234526145398921582e+00 -7.630444083424664514e-01
1.240668066520309365e+00 -7.961958863081185500e-01
1.246809987641696926e+00 -8.640431721438683876e-01
1.252951908763084710e+00 -6.602577960719424599e-01
1.259093829884472271e+00 -5.655625378617066268e-01
1.265235751005860054e+00 -6.093718194863388948e-01
1.271377672127247616e+00 -4.509478409768545304e-01
1.277519593248635399e+00 -3.065394945038857344e-01
1.283661514370022960e+00 -3.874172400565689123e-01
1.289803435491410744e+00 -5.545163980672446202e-01
1.295945356612798305e+00 -4.682109071845799719e-01
1.302087277734186088e+00 -1.402358264840143365e-01
1.308229198855573649e+00 -3.956350876886673973e-01
1.314371119976961211e+00 -9.285707097543817456e-02
1.320513041098348994e+00 -5.469431201037727730e-02
1.326654962219736555e+00 -2.240061004420624280e-01
1.332796883341124339e+00 6.247340700194083107e-02
1.338938804462511900e+00 1.386374844994659183e-01
1.345080725583899683e+00 1.731556456010128475e-01
1.351222646705287245e+00 2.476837009166277248e-01
1.357364567826675028e+00 2.003627517677472880e-01
1.363506488948062589e+00 1.992465352042316895e-01
1.369648410069450373e+00 3.507535835314096184e-01
1.375790331190837934e+00 3.339593601807171463e-01
1.381932252312225717e+00 2.162436151781173821e-01
1.388074173433613279e+00 5.361610419544730055e-01
1.394216094555001062e+00 4.213994669178104946e-01
1.400358015676388623e+00 6.078560261208453275e-01
1.406499936797776407e+00 6.312752185339056687e-01
1.412641857919163968e+00 6.669866898898748619e-01
1.418783779040551751e+00 7.491341223392693482e-01
1.424925700161939313e+00 7.257872725263726510e-01
1.431067621283327096e+00 6.766863953443020829e-01
1.437209542404714657e+00 8.160134384618078496e-01
1.443351463526102441e+00 7.913576701136135760e-01
1.449493384647490002e+00 8.721041700217626591e-01
1.455635305768877785e+00 9.139711414356468389e-01
1.461777226890265347e+00 9.271420281070990033e-01
1.467919148011653130e+00 1.069452596816293122e+00
1.474061069133040691e+00 1.043739135937430618e+00
1.480202990254428475e+00 8.901706383539472744e-01
1.486344911375816036e+00 9.947921253111147166e-01
1.492486832497203819e+00 9.616039107637825989e-01
1.498628753618591380e+00 1.140303991203643230e+00
1.504770674739979164e+00 9.569000012910301445e-01
1.510912595861366725e+00 9.585239640871672240e-01
1.517054516982754508e+00 1.128673916233804864e+00
1.523196438104142070e+00 7.893775011468409097e-01
1.529338359225529853e+00 1.083905130411485951e+00
1.535480280346917414e+00 9.631257526068104369e-01
1.541622201468305198e+00 9.390220166678143743e-01
1.547764122589692759e+00 1.007757587995740778e+00
1.553906043711080542e+00 8.751122436108929037e-01
1.560047964832468104e+00 8.766091543822638332e-01
1.566189885953855887e+00 8.616806738399593879e-01
1.572331807075243448e+00 8.797566198488091516e-01
1.578473728196631010e+00 7.997768331363985794e-01
1.584615649318018793e+00 7.112038244118549235e-01
1.590757570439406354e+00 6.672849811814469678e-01
1.596899491560794138e+00 5.888708227719892108e-01
1.603041412682181699e+00 4.903397259672920838e-01
1.609183333803569482e+00 7.238837533694449933e-01
1.615325254924957044e+00 5.343999925197319145e-01
1.621467176046344827e+00 2.380041861962008676e-01
1.627609097167732388e+00 4.053492991067305651e-01
1.633751018289120172e+00 2.994801177626470468e-01
1.639892939410507733e+00 1.904064538993739675e-01
1.646034860531895516e+00 2.127977480041953195e-01
1.652176781653283077e+00 2.414068836208936586e-01
1.658318702774670861e+00 -4.186783658260137542e-02
1.664460623896058422e+00 4.638373609822078747e-02
1.670602545017446205e+00 -3.250486989154458689e-02
1.676744466138833767e+00 1.230104613411315273e-01
1.682886387260221550e+00 -3.203709186849298396e-01
1.689028308381609111e+00 -1.399822083968347008e-01
1.695170229502996895e+00 -3.639829426700890713e-01
1.701312150624384456e+00 -2.938666899178355441e-01
1.707454071745772239e+00 -3.357640325837050188e-01
1.713595992867159801e+00 -4.841360959446752155e-01
1.719737913988547584e+00 -4.310041487645466241e-01
1.725879835109935145e+00 -5.279361414714001111e-01
1.732021756231322929e+00 -6.711122024466528169e-01
1.738163677352710490e+00 -7.386994155668653583e-01
1.744305598474098273e+00 -6.345173908635474147e-01
1.750447519595485835e+00 -8.473608140526239785e-01
1.756589440716873618e+00 -8.296833247681248968e-01
1.762731361838261179e+00 -6.725090043450105970e-01
1.768873282959648963e+00 -7.496668261437247072e-01
1.775015204081036524e+00 -9.287329193864463095e-01
1.781157125202424307e+00 -8.789785085819289412e-01
1.787299046323811869e+00 -1.026923888768049409e+00
1.793440967445199652e+00 -9.804248915423616761e-01
1.799582888566587213e+00 -9.866597498162128499e-01
1.805724809687974997e+00 -1.026850373715667342e+00
1.811866730809362558e+00 -1.142518630249338862e+00
1.818008651930750341e+00 -1.087060090758241060e+00
1.824150573052137903e+00 -9.000346852883281956e-01
1.830292494173525686e+00 -9.638914622351142381e-01
1.836434415294913247e+00 -1.112609321049645050e+00
1.842576336416300808e+00 -1.118759572664053348e+00
1.848718257537688592e+00 -9.940677521697109942e-01
1.854860178659076153e+00 -1.006491142866512201e+00
1.861002099780463936e+00 -1.135018039856530381e+00
1.867144020901851498e+00 -9.029127772518213968e-01
1.873285942023239281e+00 -9.267550288467181208e-01
1.879427863144626842e+00 -7.590459839908090256e-01
1.885569784266014626e+00 -8.347671624792840639e-01
1.891711705387402187e+00 -8.549457728907072784e-01
1.897853626508789970e+00 -7.743471599852740361e-01
1.903995547630177532e+00 -8.038864359374869872e-01
1.910137468751565315e+00 -6.805025203452801374e-01
1.916279389872952876e+00 -5.496530328667739163e-01
1.922421310994340660e+00 -6.571048079816471654e-01
1.928563232115728221e+00 -7.287586083816220972e-01
1.934705153237116004e+00 -5.927539092281328692e-01
1.940847074358503566e+00 -5.054908957893562427e-01
1.946988995479891349e+00 -4.430644912200204510e-01
1.953130916601278910e+00 -2.691534175410223995e-01
1.959272837722666694e+00 -3.534275186888018450e-01
1.965414758844054255e+00 -2.130687101171821751e-01
1.971556679965442038e+00 -3.027547986183293238e-01
1.977698601086829600e+00 -2.858569102424083352e-01
1.983840522208217383e+00 -2.526779035734070256e-01
1.989982443329604944e+00 1.210468823631985491e-02
1.996124364450992728e+00 -2.638964766709168130e-01
2.002266285572380511e+00 2.268138981203062648e-03
2.008408206693768072e+00 8.395879969659530984e-02
2.014550127815155633e+00 4.898100792834043926e-02
2.020692048936543195e+00 2.258370860810736680e-01
2.026833970057931200e+00 2.491225553592284481e-01
2.032975891179318761e+00 4.216879283525992173e-01
2.039117812300706323e+00 3.165893241181629847e-01
2.045259733422093884e+00 4.297545150260784208e-01
2.051401654543481889e+00 5.119916734012575077e-01
2.057543575664869451e+00 5.071169816202081293e-01
2.063685496786257012e+00 4.631128589976377108e-01
2.069827417907644573e+00 6.335100627006663432e-01
2.075969339029032579e+00 5.242308982414383145e-01
2.082111260150420140e+00 7.277255861652420776e-01
2.088253181271807701e+00 9.336974593751786733e-01
2.094395102393195263e+00 7.090769775077959691e-01
2.100537023514582824e+00 7.388439012916597770e-01
2.106678944635970829e+00 7.587449860611350516e-01
2.112820865757358391e+00 8.259343058661743342e-01
2.118962786878745952e+00 1.018874309811719669e+00
2.125104708000133513e+00 1.035915514025981921e+00
2.131246629121521519e+00 9.806559199066311461e-01
2.137388550242909080e+00 9.323018111803712538e-01
2.143530471364296641e+00 1.070793557006405328e+00
2.149672392485684203e+00 9.309391799337154438e-01
2.155814313607072208e+00 1.005031617970245650e+00
2.161956234728459769e+00 1.005719728187461692e+00
2.168098155849847331e+00 9.677470068310601858e-01
2.174240076971234892e+00 1.001923993140416691e+00
2.180381998092622897e+00 8.658450658123233445e-01
2.186523919214010458e+00 8.446513892421946279e-01
2.192665840335398020e+00 8.565508640763983550e-01
2.198807761456785581e+00 1.211643275514583840e+00
2.204949682578173586e+00 9.930010634617325582e-01
2.211091603699561148e+00 9.250482194342976028e-01
2.217233524820948709e+00 7.668621020567094604e-01
2.223375445942336270e+00 9.810789624884609372e-01
2.229517367063724276e+00 8.458340784482247798e-01
2.235659288185111837e+00 8.844715485373151331e-01
2.241801209306499398e+00 8.166892825435614345e-01
2.247943130427886960e+00 5.716068522667195895e-01
2.254085051549274965e+00 7.207161200044175375e-01
2.260226972670662526e+00 6.587379344722938956e-01
2.266368893792050088e+00 4.953275507575990444e-01
2.272510814913437649e+00 5.652630451459013106e-01
2.278652736034825654e+00 5.127486649011744335e-01
2.284794657156213216e+00 4.253954674701205252e-01
2.290936578277600777e+00 5.122862060052173483e-01
2.297078499398988338e+00 3.846501066763315935e-01
2.303220420520376344e+00 2.876938366944619130e-01
2.309362341641763905e+00 3.442993440502795099e-01
2.315504262763151466e+00 2.275153722736991679e-01
2.321646183884539028e+00 9.329775576937382464e-02
2.327788105005927033e+00 -2.340126244086885854e-01
2.333930026127314594e+00 6.852448306131016242e-02
2.340071947248702156e+00 -1.351976423086897472e-01
2.346213868370089717e+00 -2.810689748823873568e-01
2.352355789491477722e+00 -2.939735545334680178e-01
2.358497710612865284e+00 -2.790410242361924809e-01
2.364639631734252845e+00 -4.001684991624345766e-01
2.370781552855640406e+00 -3.904035273128022565e-01
2.376923473977027967e+00 -4.716860349593946511e-01
2.383065395098415973e+00 -5.318839660287741911e-01
2.389207316219803534e+00 -5.332922507223776254e-01
2.395349237341191095e+00 -6.354784235623395228e-01
2.401491158462578657e+00 -7.350321045806583742e-01
2.407633079583966662e+00 -8.213361872908964134e-01
2.413775000705354223e+00 -7.896475994661266151e-01
2.419916921826741785e+00 -7.613767452161712690e-01
2.426058842948129346e+00 -1.019161736900280779e+00
2.432200764069517351e+00 -8.837535868320457455e-01
2.438342685190904913e+00 -7.833501944526390925e-01
2.444484606312292474e+00 -9.851202800770740842e-01
2.450626527433680035e+00 -1.002619351551058635e+00
2.456768448555068041e+00 -9.454375576592848329e-01
2.462910369676455602e+00 -1.079904460327861138e+00
2.469052290797843163e+00 -1.077399532005753668e+00
2.475194211919230725e+00 -9.409489148371661393e-01
2.481336133040618730e+00 -1.121135278189946627e+00
2.487478054162006291e+00 -9.743390660316356700e-01
2.493619975283393853e+00 -1.032051908296444553e+00
2.499761896404781414e+00 -1.220394999697042682e+00
2.505903817526169419e+00 -9.028389075146233678e-01
2.512045738647556981e+00 -1.014273574502243536e+00
2.518187659768944542e+00 -9.984823355540508594e-01
2.524329580890332103e+00 -9.935546549597951138e-01
2.530471502011720109e+00 -9.556000797674157887e-01
2.536613423133107670e+00 -8.578942403755455137e-01
2.542755344254495231e+00 -9.988511861360178656e-01
2.548897265375882792e+00 -8.701337057910856210e-01
2.555039186497270798e+00 -7.993115103000282273e-01
2.561181107618658359e+00 -7.958426993717594433e-01
2.567323028740045920e+00 -8.726222317789208427e-01
2.573464949861433482e+00 -6.431581927203511295e-01
2.579606870982821487e+00 -5.898797819721987024e-01
2.585748792104209048e+00 -6.952796952552638965e-01
2.591890713225596610e+00 -6.936017662907758563e-01
2.598032634346984171e+00 -6.659530661177462951e-01
2.604174555468372176e+00 -5.266995704540596845e-01
2.610316476589759738e+00 -4.627573761298374722e-01
2.616458397711147299e+00 -4.661354331464286904e-01
2.622600318832534860e+00 -4.554914854554999448e-01
2.628742239953922422e+00 -4.077318061218050405e-01
2.634884161075310427e+00 -2.128493849186401110e-01
2.641026082196697988e+00 -4.607784658759788154e-01
2.647168003318085550e+00 -3.417399147254458480e-01
2.653309924439473111e+00 -3.256923044083698260e-02
2.659451845560861116e+00 -1.175993097136601023e-02
2.665593766682248678e+00 -9.338745201213796351e-03
2.671735687803636239e+00 -8.623171827771912434e-03
2.677877608925023800e+00 2.656556735621473098e-01
2.684019530046411806e+00 8.276425788450186838e-02
2.690161451167799367e+00 1.276440319394530620e-01
2.696303372289186928e+00 3.214581822070904926e-01
2.702445293410574489e+00 3.936696064200579936e-01
2.708587214531962495e+00 4.075011289463514874e-01
2.714729135653350056e+00 1.886734732458027475e-01
2.720871056774737617e+00 3.787413221529315477e-01
2.727012977896125179e+00 3.228997886626869818e-01
2.733154899017513184e+00 6.059300032507534128e-01
2.739296820138900745e+00 6.531008153583344189e-01
2.745438741260288307e+00 8.256427272760114011e-01
2.751580662381675868e+00 3.195374041862113490e-01
2.757722583503063873e+00 7.486743536826238055e-01
2.763864504624451435e+00 9.244880597920599463e-01
2.770006425745838996e+00 6.812380948970419015e-01
2.776148346867226557e+00 1.043536856285735226e+00
2.782290267988614563e+00 9.081885100770185071e-01
2.788432189110002124e+00 8.683134474024342131e-01
2.794574110231389685e+00 1.339964385780507250e+00
2.800716031352777247e+00 8.543225497453986739e-01
2.806857952474165252e+00 1.060760141521745359e+00
2.812999873595552813e+00 9.677599293903805799e-01
2.819141794716940375e+00 1.009864436376104901e+00
2.825283715838327936e+00 1.003161523006930400e+00
2.831425636959715941e+00 8.738833757462192153e-01
2.837567558081103503e+00 8.369126280278675889e-01
2.843709479202491064e+00 9.128228915583288527e-01
2.849851400323878625e+00 1.008820610138339013e+00
2.855993321445266631e+00 1.034857518666669529e+00
2.862135242566654192e+00 1.236166180178185137e+00
2.868277163688041753e+00 8.734083975417232804e-01
2.874419084809429314e+00 9.326485388594194514e-01
2.880561005930817320e+00 9.368011226215814391e-01
2.886702927052204881e+00 6.615181268843106643e-01
2.892844848173592442e+00 9.008011698110652832e-01
2.898986769294980004e+00 7.628986443728287270e-01
2.905128690416367565e+00 5.122329864855279524e-01
2.911270611537755570e+00 5.680025816884692880e-01
2.917412532659143132e+00 7.140849792961188047e-01
2.923554453780530693e+00 7.650678695562150855e-01
2.929696374901918254e+00 5.434464858799880060e-01
2.935838296023306260e+00 6.304920950773222899e-01
2.941980217144693821e+00 6.280829970623309499e-01
2.948122138266081382e+00 3.616628814286846350e-01
2.954264059387468944e+00 4.992757182098687130e-01
2.960405980508856949e+00 3.074134699153187600e-01
2.966547901630244510e+00 3.577734438230628089e-01
2.972689822751632072e+00 2.602548629088810572e-01
2.978831743873019633e+00 2.344013495566239225e-01
2.984973664994407638e+00 3.023304405513598248e-01
2.991115586115795200e+00 -2.276659426488394922e-02
2.997257507237182761e+00 4.450037145759305757e-02
3.003399428358570322e+00 -3.648751396653257539e-02
3.009541349479958328e+00 -5.462299678508461542e-02
3.015683270601345889e+00 -1.572269277159552003e-01
3.021825191722733450e+00 -1.972980655062034350e-01
3.027967112844121012e+00 -2.537897623477691766e-01
3.034109033965509017e+00 -2.403066064148240144e-01
3.040250955086896578e+00 -1.792009243456961221e-01
3.046392876208284139e+00 -4.601843129210160255e-01
3.052534797329671701e+00 -4.138282241798914574e-01
3.058676718451059706e+00 -3.714162997947137446e-01
3.064818639572447267e+00 -4.893482185396768047e-01
3.070960560693834829e+00 -5.656212782112843840e-01
3.077102481815222390e+00 -7.213439704032885702e-01
3.083244402936610395e+00 -6.315466089458821042e-01
3.089386324057997957e+00 -7.342006404647548612e-01
3.095528245179385518e+00 -7.220564209441044934e-01
3.101670166300773079e+00 -7.607967980802647912e-01
3.107812087422161085e+00 -9.745268264619727505e-01
3.113954008543548646e+00 -1.013579376442290014e+00
3.120095929664936207e+00 -8.245111419477350045e-01
3.126237850786323769e+00 -7.269143043634034296e-01
3.132379771907711774e+00 -1.023434066805614773e+00
3.138521693029099335e+00 -7.562077152745910746e-01
3.144663614150486897e+00 -1.121693681987570024e+00
3.150805535271874458e+00 -1.112617653323660249e+00
3.156947456393262019e+00 -9.932287192823553434e-01
3.163089377514650025e+00 -1.138189579551714070e+00
3.169231298636037586e+00 -8.778890808721424577e-01
3.175373219757425147e+00 -1.072997185416203925e+00
3.181515140878812709e+00 -9.147174953029908462e-01
3.187657062000200714e+00 -1.022044865818987569e+00
3.193798983121588275e+00 -1.148389732355661552e+00
3.199940904242975837e+00 -1.076803020806111677e+00
3.206082825364363398e+00 -9.959380286117148762e-01
3.212224746485751403e+00 -8.184450175819208972e-01
3.218366667607138965e+00 -1.033001893772320434e+00
3.224508588728526526e+00 -9.573732928934226560e-01
3.230650509849914087e+00 -7.099338229384988264e-01
3.236792430971302093e+00 -7.351942981041571512e-01
3.242934352092689654e+00 -6.977059762398413190e-01
3.249076273214077215e+00 -5.719398353281748282e-01
3.255218194335464776e+00 -7.549994923810428027e-01
3.261360115456852782e+00 -5.838784667925945859e-01
3.267502036578240343e+00 -5.360693253374572143e-01
3.273643957699627904e+00 -4.504881854674822605e-01
3.279785878821015466e+00 -5.493067107363501789e-01
3.285927799942403471e+00 -3.391795748068474614e-01
3.292069721063791032e+00 -4.959677191810992758e-01
3.298211642185178594e+00 -2.428468724051233985e-01
3.304353563306566155e+00 -4.189183676084857200e-01
3.310495484427954160e+00 -2.611523850148402826e-01
3.316637405549341722e+00 3.993311617693509619e-02
3.322779326670729283e+00 2.157148312071301144e-02
3.328921247792116844e+00 -2.237836961059650465e-01
3.335063168913504850e+00 1.000113268997749744e-01
3.341205090034892411e+00 -2.975283509384321623e-03
3.347347011156279972e+00 1.992879960174955833e-01
3.353488932277667534e+00 -2.598183007187904181e-02
3.359630853399055539e+00 2.435800595937645252e-01
3.365772774520443100e+00 3.618995661153104892e-01
3.371914695641830662e+00 3.491578688306788414e-01
3.378056616763218223e+00 3.446443970592616424e-01
3.384198537884606228e+00 2.978185828997943485e-01
3.390340459005993790e+00 6.879061741600542845e-01
3.396482380127381351e+00 5.651416421861057415e-01
3.402624301248768912e+00 5.761980930211255680e-01
3.408766222370156473e+00 5.037823594000436778e-01
3.414908143491544479e+00 6.931267083400468598e-01
3.421050064612932040e+00 6.065795065069949921e-01
3.427191985734319601e+00 7.531842375270275669e-01
3.433333906855707163e+00 6.994707021972711436e-01
3.439475827977095168e+00 9.961885690809526572e-01
3.445617749098482729e+00 7.453517968218263956e-01
3.451759670219870291e+00 8.397189734067532774e-01
3.457901591341257852e+00 9.955424349732171496e-01
3.464043512462645857e+00 1.040625781106131909e+00
3.470185433584033419e+00 9.327583278040787462e-01
3.476327354705420980e+00 9.602150016956996215e-01
3.482469275826808541e+00 9.667220818074715449e-01
3.488611196948196547e+00 1.061602198356758286e+00
3.494753118069584108e+00 9.741153905670818514e-01
3.500895039190971669e+00 1.124113583145375239e+00
3.507036960312359231e+00 1.015621206182188763e+00
3.513178881433747236e+00 8.552036104646580927e-01
3.519320802555134797e+00 1.153479365972790660e+00
3.525462723676522359e+00 9.475429271858851754e-01
3.531604644797909920e+00 9.200772013446540942e-01
3.537746565919297925e+00 1.119698085860733050e+00
3.543888487040685487e+00 8.845859037274403924e-01
3.550030408162073048e+00 8.565007030932551002e-01
3.556172329283460609e+00 8.434530562986650715e-01
3.562314250404848615e+00 8.038585519027465764e-01
3.568456171526236176e+00 9.295147561512424605e-01
3.574598092647623737e+00 9.839377775051347808e-01
3.580740013769011298e+00 5.740473596146555835e-01
3.586881934890399304e+00 7.838412802860412754e-01
3.593023856011786865e+00 5.907092551746800924e-01
3.599165777133174426e+00 7.353523247471577262e-01
3.605307698254561988e+00 5.991801374109809730e-01
3.611449619375949993e+00 4.688773756773134682e-01
3.617591540497337554e+00 6.104127138853169265e-01
3.623733461618725116e+00 2.740176919216864571e-01
3.629875382740112677e+00 1.244690390160335391e-01
3.636017303861500682e+00 1.649106428239460187e-01
3.642159224982888244e+00 3.361299082155114193e-01
3.648301146104275805e+00 2.042054582285720565e-01
3.654443067225663366e+00 1.576372465812563572e-01
3.660584988347051372e+00 1.042666133324523098e-01
3.666726909468438933e+00 -2.450308718360866625e-02
3.672868830589826494e+00 -1.625729383300891784e-02
3.679010751711214056e+00 -2.685298066900690395e-01
3.685152672832601617e+00 -1.606695583907360447e-01
3.691294593953989622e+00 -6.417631025590506133e-02
3.697436515075377184e+00 -2.122281857889781465e-01
3.703578436196764745e+00 -5.547306140690742016e-01
3.709720357318152306e+00 -2.585476396389485565e-01
3.715862278439540312e+00 -5.944095751824386431e-01
3.722004199560927873e+00 -5.376352699631008480e-01
3.728146120682315434e+00 -6.427252719498240952e-01
3.734288041803702995e+00 -6.290326099318063191e-01
3.740429962925091001e+00 -5.920250835853144711e-01
3.746571884046478562e+00 -5.674955693352019548e-01
3.752713805167866123e+00 -6.875402804578369942e-01
3.758855726289253685e+00 -9.303851396649895911e-01
3.764997647410641690e+00 -7.763100505264302065e-01
3.771139568532029251e+00 -7.572971463180262486e-01
3.777281489653416813e+00 -9.968025757612520854e-01
3.783423410774804374e+00 -8.157861470734563136e-01
3.789565331896192379e+00 -9.212746472552025834e-01
3.795707253017579941e+00 -8.372848493375582013e-01
3.801849174138967502e+00 -9.805694778014849566e-01
3.807991095260355063e+00 -9.552490197042643461e-01
3.814133016381743069e+00 -1.005550689134356634e+00
3.820274937503130630e+00 -1.017428247219186899e+00
3.826416858624518191e+00 -8.854638634182263601e-01
3.832558779745905753e+00 -1.037585645993921002e+00
3.838700700867293758e+00 -8.202059786719356760e-01
3.844842621988681319e+00 -1.028548576447307017e+00
3.850984543110068881e+00 -9.061750659178136047e-01
3.857126464231456442e+00 -8.646134597354303564e-01
3.863268385352844447e+00 -8.337921591515461417e-01
3.869410306474232009e+00 -9.123233691403609402e-01
3.875552227595619570e+00 -9.830709574442053622e-01
3.881694148717007131e+00 -9.852317591981901712e-01
3.887836069838395137e+00 -9.297701629589414374e-01
3.893977990959782698e+00 -7.781752392124394735e-01
3.900119912081170259e+00 -6.631257412031114074e-01
3.906261833202557820e+00 -7.610382682701575252e-01
3.912403754323945826e+00 -7.324000044411560495e-01
3.918545675445333387e+00 -7.756336012576907635e-01
3.924687596566720948e+00 -5.685239271357979129e-01
3.930829517688108510e+00 -6.134555129657864869e-01
3.936971438809496071e+00 -6.169393235825816335e-01
3.943113359930884076e+00 -5.951112604935145933e-01
3.949255281052271638e+00 -4.489393768228153170e-01
3.955397202173659199e+00 -4.106198593189452906e-01
3.961539123295046760e+00 -4.931921308396594039e-01
3.967681044416434766e+00 -2.383314266852325503e-01
3.973822965537822327e+00 -1.052716040575230882e-01
3.979964886659209888e+00 -1.562340623965408626e-01
3.986106807780597450e+00 -6.419718164629641122e-02
3.992248728901985455e+00 1.818009193731809359e-02
3.998390650023373016e+00 4.029686277658030280e-02
4.004532571144761022e+00 -1.248221437939199541e-02
4.010674492266148583e+00 -1.660282146333002529e-01
4.016816413387536144e+00 1.614447273256756910e-01
4.022958334508923706e+00 2.072068104121238818e-01
4.029100255630311267e+00 3.254758706973152615e-01
4.035242176751698828e+00 4.352271235616630429e-01
4.041384097873086390e+00 5.038489048267593695e-01
4.047526018994473951e+00 2.964720288869070464e-01
4.053667940115862400e+00 4.794851382492650860e-01
4.059809861237249962e+00 4.914370987274856439e-01
4.065951782358637523e+00 6.761004030958772670e-01
4.072093703480025084e+00 5.991541115500176318e-01
4.078235624601412646e+00 5.221861717175493300e-01
4.084377545722800207e+00 6.914750281116328612e-01
4.090519466844187768e+00 8.066725993497104730e-01
4.096661387965575329e+00 8.071038636518637066e-01
4.102803309086963779e+00 8.230790472065422358e-01
4.108945230208351340e+00 8.586967156618856567e-01
4.115087151329738901e+00 7.969467562409708883e-01
4.121229072451126463e+00 9.855672448770732563e-01
4.127370993572514024e+00 9.314874396757268915e-01
4.133512914693901585e+00 9.811140398273916485e-01
4.139654835815289147e+00 9.061472814525316499e-01
4.145796756936676708e+00 8.071678074218984200e-01
4.151938678058065157e+00 9.827516189683624948e-01
4.158080599179452719e+00 1.033568319587516493e+00
4.164222520300840280e+00 1.001809198026306413e+00
4.170364441422227841e+00 1.018243577104380515e+00
4.176506362543615403e+00 1.071422039172597707e+00
4.182648283665002964e+00 9.421738721670387395e-01
4.188790204786390525e+00 1.043747815278834201e+00
4.194932125907778087e+00 1.166075625015379424e+00
4.201074047029165648e+00 8.943979070389093122e-01
4.207215968150554097e+00 8.981732412302286805e-01
4.213357889271941659e+00 8.469888503934521751e-01
4.219499810393329220e+00 7.024671409984512005e-01
4.225641731514716781e+00 1.050298452510660008e+00
4.231783652636104343e+00 6.785191769091678538e-01
4.237925573757491904e+00 7.761493993320285334e-01
4.244067494878879465e+00 9.345732768950524294e-01
4.250209416000267026e+00 5.590385499843802952e-01
4.256351337121655476e+00 5.379971504019120943e-01
4.262493258243043037e+00 6.789160692359713645e-01
4.268635179364430599e+00 5.707405162510467145e-01
4.274777100485818160e+00 4.520811496588863498e-01
4.280919021607205721e+00 3.362840554729075171e-01
4.287060942728593282e+00 3.849338891578403254e-01
4.293202863849980844e+00 5.494496384201051908e-01
4.299344784971368405e+00 3.223707253462838040e-01
4.305486706092756855e+00 2.691363394653551455e-01
4.311628627214144416e+00 1.013437983776353801e-01
4.317770548335531977e+00 3.036655588433541109e-01
4.323912469456919538e+00 -3.554840180435885066e-02
4.330054390578307100e+00 2.561223794923286196e-02
4.336196311699694661e+00 -1.583535708999073144e-01
4.342338232821082222e+00 -9.635387989403301767e-02
4.348480153942469784e+00 -1.710523825808470955e-01
4.354622075063858233e+00 -2.737058038368918589e-01
4.360763996185245794e+00 -2.240435073240927832e-01
4.366905917306633356e+00 -2.634762766380631116e-01
4.373047838428020917e+00 -5.216670720290836893e-01
4.379189759549408478e+00 -4.931635245162319103e-01
4.385331680670796040e+00 -5.496902588306640247e-01
4.391473601792183601e+00 -4.370699966918997759e-01
4.397615522913571162e+00 -5.901588847063328203e-01
4.403757444034959612e+00 -4.699553992012424075e-01
4.409899365156347173e+00 -5.831064817108535525e-01
4.416041286277734734e+00 -6.983160718092353836e-01
4.422183207399122296e+00 -6.727029388126288811e-01
4.428325128520509857e+00 -8.911289274288263229e-01
4.434467049641897418e+00 -8.427115413427795909e-01
4.440608970763284979e+00 -1.000275793519725065e+00
4.446750891884672541e+00 -9.660305445256085477e-01
4.452892813006060990e+00 -9.266336440542887187e-01
4.459034734127448552e+00 -9.816184204357645271e-01
4.465176655248836113e+00 -8.876659299165026162e-01
4.471318576370223674e+00 -9.667533750999143249e-01
4.477460497491611235e+00 -1.096953137464492745e+00
4.483602418612998797e+00 -9.675913527620251253e-01
4.489744339734386358e+00 -1.167574202715917275e+00
4.495886260855773919e+00 -8.827915291579808699e-01
4.502028181977161481e+00 -1.232821713825142496e+00
4.508170103098549930e+00 -9.157387912929177975e-01
4.514312024219937491e+00 -9.734568882859399030e-01
4.520453945341325053e+00 -9.163106875829314379e-01
4.526595866462712614e+00 -1.147541107966472573e+00
4.532737787584100175e+00 -1.089335784736909840e+00
4.538879708705487737e+00 -8.685142870138157223e-01
4.545021629826875298e+00 -1.034803303925452500e+00
4.551163550948262859e+00 -8.407399474977609310e-01
4.557305472069651309e+00 -7.776127426972252454e-01
4.563447393191038870e+00 -7.621262420903425205e-01
4.569589314312426431e+00 -8.283161355703517748e-01
4.575731235433813993e+00 -7.819526795423856758e-01
4.581873156555201554e+00 -8.127352475403816223e-01
4.588015077676589115e+00 -8.431919296484085002e-01
4.594156998797976676e+00 -5.326323559041532540e-01
4.600298919919364238e+00 -5.888520428333289258e-01
4.606440841040752687e+00 -6.779586841047937629e-01
4.612582762162140249e+00 -5.639984418666214028e-01
4.618724683283527810e+00 -4.662309387992777943e-01
4.624866604404915371e+00 -5.709230831772180714e-01
4.631008525526302932e+00 -2.322813564021058430e-01
4.637150446647690494e+00 -1.238088614952939925e-01
4.643292367769078055e+00 -1.608155967380127949e-01
4.649434288890465616e+00 -1.568200520033275203e-01
4.655576210011854066e+00 -7.860617215941004265e-02
4.661718131133241627e+00 -1.905555524194770534e-01
4.667860052254629188e+00 1.248771053544480147e-01
4.674001973376016750e+00 2.637121868669666663e-02
4.680143894497404311e+00 2.030772728800548377e-01
4.686285815618791872e+00 2.740860520181971349e-01
4.692427736740179434e+00 1.940420492398746977e-01
4.698569657861566995e+00 2.987555785646922035e-01
4.704711578982955444e+00 4.271410085938713852e-01
4.710853500104343006e+00 3.628271948041862371e-01
4.716995421225730567e+00 3.673812533867677477e-01
4.723137342347118128e+00 5.266927428276941825e-01
4.729279263468505690e+00 5.248889446942872627e-01
4.735421184589893251e+00 5.822215921337691169e-01
4.741563105711280812e+00 5.666147349162187208e-01
4.747705026832668374e+00 6.973891256351465451e-01
4.753846947954055935e+00 5.256533650808996594e-01
4.759988869075444384e+00 8.080013643933726675e-01
4.766130790196831946e+00 8.347165954858168924e-01
4.772272711318219507e+00 8.953407547746312645e-01
4.778414632439607068e+00 7.844505045339300597e-01
4.784556553560994629e+00 7.233742135033428555e-01
4.790698474682382191e+00 1.095665078668160763e+00
4.796840395803769752e+00 7.786366558267060478e-01
4.802982316925157313e+00 7.624196886662981676e-01
4.809124238046545763e+00 9.440609814158108515e-01
4.815266159167933324e+00 7.747990478746787923e-01
4.821408080289320885e+00 8.383614545527301454e-01
4.827550001410708447e+00 1.092844895490181267e+00
4.833691922532096008e+00 9.734759598046023310e-01
4.839833843653483569e+00 8.442277821694073037e-01
4.845975764774871131e+00 8.915408860132911784e-01
4.852117685896258692e+00 9.162251859354879624e-01
4.858259607017647141e+00 7.740851543028315351e-01
4.864401528139034703e+00 8.329292515255228846e-01
4.870543449260422264e+00 9.938576712359465937e-01
4.876685370381809825e+00 7.277395851981547370e-01
4.882827291503197387e+00 7.128656025062443113e-01
4.888969212624584948e+00 8.306264041335468251e-01
4.895111133745972509e+00 7.270657881187390092e-01
4.901253054867360071e+00 6.547288565043585251e-01
4.907394975988748520e+00 7.879516557974890478e-01
4.913536897110136081e+00 6.636863702549363753e-01
4.919678818231523643e+00 6.576162841902312151e-01
4.925820739352911204e+00 4.308342873496022740e-01
4.931962660474298765e+00 6.144333144964306825e-01
4.938104581595686327e+00 5.481770601536908316e-01
4.944246502717073888e+00 5.648750717910535624e-01
4.950388423838461449e+00 4.323660578254021614e-01
4.956530344959849899e+00 5.772380595314414720e-01
4.962672266081237460e+00 1.890133217653504616e-01
4.968814187202625021e+00 4.431141587896640921e-01
4.974956108324012583e+00 3.107235842496645084e-01
4.981098029445400144e+00 -3.969719739341850961e-02
4.987239950566787705e+00 8.217504171050452055e-02
4.993381871688175266e+00 -4.618335285654900924e-02
4.999523792809562828e+00 -1.095786058974782401e-01
5.005665713930950389e+00 6.420412149143497893e-02
5.011807635052338838e+00 -1.825290197557366267e-01
5.017949556173726400e+00 -2.596299550693276226e-01
5.024091477295113961e+00 -1.853983749050181207e-01
5.030233398416501522e+00 -2.080294566174982762e-01
5.036375319537889084e+00 -2.169719482018335477e-01
5.042517240659276645e+00 -5.427152828596341072e-01
5.048659161780664206e+00 -5.053610473220051524e-01
5.054801082902051768e+00 -4.103525288128856419e-01
5.060943004023440217e+00 -7.175561046204506077e-01
5.067084925144827778e+00 -6.444952069525556881e-01
5.073226846266215340e+00 -8.695235199313896546e-01
5.079368767387602901e+00 -7.470313219264268501e-01
5.085510688508990462e+00 -7.467487183379989402e-01
5.091652609630378024e+00 -9.146189165482497829e-01
5.097794530751765585e+00 -9.394251540483582463e-01
5.103936451873153146e+00 -8.181386127697174437e-01
5.110078372994541596e+00 -8.016859733106141972e-01
5.116220294115929157e+00 -9.870403129162702571e-01
5.122362215237316718e+00 -9.157444257376832208e-01
5.128504136358704280e+00 -8.438590603883382446e-01
5.134646057480091841e+00 -9.597952159557824325e-01
5.140787978601479402e+00 -9.141437645779828536e-01
5.146929899722866963e+00 -8.701607291797847088e-01
5.153071820844254525e+00 -9.142331783073228690e-01
5.159213741965642974e+00 -9.841593493935009151e-01
5.165355663087030536e+00 -9.217655869753772491e-01
5.171497584208418097e+00 -9.417009719034694637e-01
5.177639505329805658e+00 -9.786498455497205651e-01
5.183781426451193219e+00 -1.078771769080101084e+00
5.189923347572580781e+00 -1.083305578667559166e+00
5.196065268693968342e+00 -9.800431442441136509e-01
5.202207189815355903e+00 -9.856320183577762517e-01
5.208349110936744353e+00 -8.170039055521315374e-01
5.214491032058131914e+00 -8.264625021486845524e-01
5.220632953179519475e+00 -8.333364055957139804e-01
5.226774874300907037e+00 -8.065538730810505319e-01
5.232916795422294598e+00 -7.638779919947716879e-01
5.239058716543682159e+00 -5.992246329023527274e-01
5.245200637665069721e+00 -6.406334944645799556e-01
5.251342558786457282e+00 -6.526531252168216168e-01
5.257484479907844843e+00 -6.058596115426840845e-01
5.263626401029233293e+00 -4.875606349994577871e-01
5.269768322150620854e+00 -4.800431667751499099e-01
5.275910243272008415e+00 -4.502609848806347070e-01
5.282052164393395977e+00 -4.839846455674217118e-01
5.288194085514783538e+00 -3.642162055431162337e-01
5.294336006636171099e+00 -3.431154919440976281e-01
5.300477927757558660e+00 -2.965534519924061807e-01
5.306619848878946222e+00 -1.344471746030364012e-01
5.312761770000334671e+00 -2.393201918731319711e-01
5.318903691121722233e+00 -1.863618409714816460e-01
5.325045612243109794e+00 -2.352739949563198707e-01
5.331187533364497355e+00 2.212102834095304796e-02
5.337329454485884916e+00 6.908697684153716767e-02
5.343471375607272478e+00 2.288916278387876369e-01
5.349613296728660039e+00 1.139710323244770007e-01
5.355755217850047600e+00 1.232259854759464451e-01
5.361897138971436050e+00 4.440079838285313496e-01
5.368039060092823611e+00 3.342973277227349604e-01
5.374180981214211172e+00 3.664951165809735012e-01
5.380322902335598734e+00 3.540074471722529648e-01
5.386464823456986295e+00 2.936079733544432746e-01
5.392606744578373856e+00 5.034390655213767385e-01
5.398748665699761418e+00 5.343661260848254768e-01
5.404890586821148979e+00 3.698104812227266391e-01
5.411032507942537428e+00 7.301197111364030601e-01
5.417174429063924990e+00 7.000982373968914763e-01
5.423316350185312551e+00 6.990821179629377324e-01
5.429458271306700112e+00 7.388867788370524492e-01
5.435600192428087674e+00 1.021630955373523442e+00
5.441742113549475235e+00 7.861764665398398577e-01
5.447884034670862796e+00 9.605367397671480401e-01
5.454025955792250357e+00 9.499098717001229764e-01
5.460167876913638807e+00 1.003153561577015962e+00
5.466309798035026368e+00 8.809495530872232250e-01
5.472451719156413930e+00 1.014212303021142514e+00
5.478593640277801491e+00 7.927388232798596723e-01
5.484735561399189052e+00 1.028502973395270637e+00
5.490877482520576613e+00 9.604724968495628179e-01
5.497019403641964175e+00 8.217832845461213731e-01
5.503161324763351736e+00 9.295035878378383742e-01
5.509303245884739297e+00 1.066081885567082832e+00
5.515445167006127747e+00 1.015210017727582903e+00
5.521587088127515308e+00 9.277935635388280255e-01
5.527729009248902869e+00 1.069586375630130259e+00
5.533870930370290431e+00 1.084614129568710617e+00
5.540012851491677992e+00 8.328754931266935113e-01
5.546154772613065553e+00 1.006635439304971458e+00
5.552296693734453115e+00 6.855988300217937814e-01
5.558438614855840676e+00 6.963130512610278267e-01
5.564580535977229125e+00 7.159578878984532713e-01
5.570722457098616687e+00 8.784218436495172533e-01
5.576864378220004248e+00 7.265870421657850686e-01
5.583006299341391809e+00 7.654357010975070263e-01
5.589148220462779371e+00 4.905388602249093344e-01
5.595290141584166932e+00 6.502386169044351849e-01
5.601432062705554493e+00 7.024397807236036906e-01
5.607573983826942055e+00 5.350663584505989112e-01
5.613715904948330504e+00 4.712581189945421745e-01
5.619857826069718065e+00 5.716974308395422755e-01
5.625999747191105627e+00 2.359671497228813808e-01
5.632141668312493188e+00 3.431495883601118346e-01
5.638283589433880749e+00 2.982248556109230453e-01
5.644425510555268310e+00 1.824323586034001243e-01
5.650567431676655872e+00 1.686539194528041685e-01
5.656709352798043433e+00 -4.796793631562705496e-02
5.662851273919431883e+00 1.323612019369682091e-01
5.668993195040819444e+00 -4.625736423883635567e-02
5.675135116162207005e+00 -1.215367738209093551e-01
5.681277037283594566e+00 -2.210935050632344412e-01
5.687418958404982128e+00 -7.983725860255770634e-02
5.693560879526369689e+00 -2.831154858561923948e-01
5.699702800647757250e+00 -2.492752102540802261e-01
5.705844721769144812e+00 -3.616601292686119073e-01
5.711986642890533261e+00 -4.294903123784922228e-01
5.718128564011920822e+00 -5.629200115469508159e-01
5.724270485133308384e+00 -5.684169110783180434e-01
5.730412406254695945e+00 -6.284156407154527502e-01
5.736554327376083506e+00 -6.170871412987625204e-01
5.742696248497471068e+00 -5.808915660306444018e-01
5.748838169618858629e+00 -7.967795878317616154e-01
5.754980090740246190e+00 -7.555285374928136788e-01
5.761122011861634640e+00 -8.369682654010924816e-01
5.767263932983022201e+00 -8.372598815842197117e-01
5.773405854104409762e+00 -9.831416092838038967e-01
5.779547775225797324e+00 -8.973711184862884771e-01
5.785689696347184885e+00 -9.295456571968048198e-01
5.791831617468572446e+00 -8.256885784344807355e-01
5.797973538589960008e+00 -8.464527015609213390e-01
5.804115459711347569e+00 -1.061911544258330897e+00
5.810257380832735130e+00 -1.042828215093721589e+00
5.816399301954123580e+00 -1.061606046143408699e+00
5.822541223075511141e+00 -9.329101662095127256e-01
5.828683144196898702e+00 -1.063555912350012900e+00
5.834825065318286264e+00 -8.537839823065576095e-01
5.840966986439673825e+00 -1.023526745555433992e+00
5.847108907561061386e+00 -1.133912186873321737e+00
5.853250828682448947e+00 -8.921912521743662339e-01
5.859392749803836509e+00 -8.794679938840652689e-01
5.865534670925224958e+00 -1.066751624731677062e+00
5.871676592046612519e+00 -8.477590214433448068e-01
5.877818513168000081e+00 -9.588745574733440469e-01
5.883960434289387642e+00 -8.117600242895692819e-01
5.890102355410775203e+00 -6.361208569907050858e-01
5.896244276532162765e+00 -7.661619497553567859e-01
5.902386197653550326e+00 -8.614020291377397776e-01
5.908528118774937887e+00 -8.680598884041600405e-01
5.914670039896326337e+00 -6.730432303825532037e-01
5.920811961017713898e+00 -7.028938627805096928e-01
5.926953882139101459e+00 -7.406840850906636353e-01
5.933095803260489021e+00 -5.942634061482579000e-01
5.939237724381876582e+00 -7.396766882299670165e-01
5.945379645503264143e+00 -5.511967948102718395e-01
5.951521566624651705e+00 -3.989171927496575343e-01
5.957663487746039266e+00 -3.733130989694327662e-01
5.963805408867427715e+00 -4.693219899189401412e-01
5.969947329988815277e+00 -2.613591261707891023e-01
5.976089251110202838e+00 -3.299014652040477835e-01
5.982231172231590399e+00 -2.002312884673458360e-01
5.988373093352977961e+00 -1.566634806081681763e-01
5.994515014474365522e+00 -7.225135125925395696e-02
6.000656935595753083e+00 -3.664335328180155782e-02
6.006798856717140644e+00 3.291647031921599020e-03
6.012940777838529094e+00 2.629990719426100743e-01
6.019082698959916655e+00 4.180141838599671367e-02
6.025224620081304217e+00 1.109609141915667008e-01
6.031366541202691778e+00 2.338375768798034715e-01
6.037508462324079339e+00 2.709301677151789711e-01
6.043650383445466900e+00 4.261426234757849096e-01
6.049792304566854462e+00 6.710032592888787173e-01
6.055934225688242023e+00 4.825465021086495221e-01
6.062076146809629584e+00 5.095158237848040894e-01
6.068218067931018034e+00 6.753479070003042262e-01
6.074359989052405595e+00 3.763719170148417392e-01
6.080501910173793156e+00 6.038838654274036877e-01
6.086643831295180718e+00 7.722025996426011840e-01
6.092785752416568279e+00 8.875189224064251592e-01
6.098927673537955840e+00 9.316125009231531751e-01
6.105069594659343402e+00 8.539227562063445021e-01
6.111211515780730963e+00 1.019420009341781119e+00
6.117353436902119412e+00 7.266394425568710735e-01
6.123495358023506974e+00 8.457896250890367673e-01
6.129637279144894535e+00 1.015636282780222777e+00
6.135779200266282096e+00 9.001481397554970121e-01
6.141921121387669658e+00 1.051008407091603480e+00
6.148063042509057219e+00 9.515782457340014044e-01
6.154204963630444780e+00 1.050648481803233780e+00
6.160346884751832341e+00 9.707937719274325472e-01
6.166488805873220791e+00 9.603009152813963833e-01
6.172630726994608352e+00 1.165228632795861641e+00
6.178772648115995914e+00 9.750240128084863844e-01
6.184914569237383475e+00 8.493146760979937149e-01
6.191056490358771036e+00 1.029464589713339207e+00
6.197198411480158597e+00 9.936628627239924016e-01
6.203340332601546159e+00 1.051347945958194252e+00
6.209482253722933720e+00 7.486004306635857253e-01
6.215624174844322170e+00 8.615314715090351960e-01
6.221766095965709731e+00 8.665632141052342918e-01
6.227908017087097292e+00 9.793825398238064084e-01
6.234049938208484853e+00 9.444374531338943779e-01
6.240191859329872415e+00 7.752489570680208830e-01
6.246333780451259976e+00 8.547692818358798572e-01
6.252475701572647537e+00 6.156572847981021113e-01
6.258617622694035099e+00 6.688035873005427900e-01
6.264759543815423548e+00 9.509458164362116772e-01
6.270901464936811109e+00 5.279103303670962255e-01
6.277043386058198671e+00 4.735992881386032471e-01
6.283185307179586232e+00 5.155607011287218766e-01
