0.000000000000000000e+00 -1.256641967061992160e-01
6.141921121387669720e-03 1.953599639799928345e-01
1.228384224277533944e-02 1.130139697278978173e-01
1.842576336416301003e-02 2.426538061206981178e-01
2.456768448555067888e-02 3.600385636584566007e-01
3.070960560693834773e-02 3.918256008893100106e-01
3.685152672832602005e-02 5.742326815115685879e-01
4.299344784971368544e-02 4.778024970768607327e-01
4.913536897110135776e-02 7.000254139901507244e-01
5.527729009248903008e-02 7.889799423407610757e-01
6.141921121387669547e-02 8.238405654628481178e-01
6.756113233526436779e-02 8.265163926387013582e-01
7.370305345665204011e-02 1.003856156856039128e+00
7.984497457803971243e-02 9.042607853434007081e-01
8.598689569942737088e-02 7.779759597520354841e-01
9.212881682081504320e-02 1.219723244318375421e+00
9.827073794220271552e-02 1.070403970086577949e+00
1.044126590635903878e-01 9.762809525345671480e-01
1.105545801849780602e-01 8.035481515333858793e-01
1.166965013063657186e-01 9.239918372485504960e-01
1.228384224277533909e-01 1.154016664493161315e+00
1.289803435491410633e-01 9.451261112716894397e-01
1.351222646705287356e-01 9.160672194486276787e-01
1.412641857919164079e-01 9.542459730174406296e-01
1.474061069133040802e-01 9.495547739609961901e-01
1.535480280346917525e-01 8.583548064365064123e-01
1.596899491560794249e-01 7.062471709167564837e-01
1.658318702774670694e-01 5.009466731339312640e-01
1.719737913988547418e-01 4.440384040322303827e-01
1.781157125202424141e-01 3.511708122278765498e-01
1.842576336416300864e-01 5.707124805021665526e-02
1.903995547630177587e-01 2.104760854443310514e-01
1.965414758844054310e-01 8.397011640598475712e-02
2.026833970057931034e-01 9.394738546873024343e-02
2.088253181271807757e-01 -1.038881604795990898e-01
2.149672392485684480e-01 -9.619316065896701962e-02
2.211091603699561203e-01 -3.663116314182685018e-01
2.272510814913437927e-01 -4.206155294802153555e-01
2.333930026127314372e-01 -6.311670875000824354e-01
2.395349237341191095e-01 -5.969904180621642409e-01
2.456768448555067819e-01 -8.357049553098461203e-01
2.518187659768944542e-01 -8.223393536665832837e-01
2.579606870982821265e-01 -7.429101058333589247e-01
2.641026082196697988e-01 -7.309312838685831926e-01
2.702445293410574712e-01 -8.855831063523207369e-01
2.763864504624451435e-01 -9.259711120416382890e-01
2.825283715838328158e-01 -9.550724268635641945e-01
2.886702927052204881e-01 -1.113208485335110076e+00
2.948122138266081604e-01 -9.757105597709364586e-01
3.009541349479958328e-01 -7.977763368771474406e-01
3.070960560693835051e-01 -1.018402661607733961e+00
3.132379771907711774e-01 -1.029835022913121900e+00
3.193798983121588497e-01 -9.389339054703662590e-01
3.255218194335465220e-01 -8.605340319139850314e-01
3.316637405549341389e-01 -8.379429617143938636e-01
3.378056616763218112e-01 -8.861261713536641160e-01
3.439475827977094835e-01 -6.755244816923127171e-01
3.500895039190971558e-01 -7.371940972458275176e-01
3.562314250404848281e-01 -6.191330184610185361e-01
3.623733461618725005e-01 -4.856747695474934456e-01
3.685152672832601728e-01 -4.179683864628467305e-01
3.746571884046478451e-01 -3.544983175833832933e-01
3.807991095260355174e-01 -1.816837117785606859e-01
3.869410306474231898e-01 -1.195452870110943061e-01
3.930829517688108621e-01 3.650232687584839542e-03
3.992248728901985344e-01 -9.349215232826291189e-02
4.053667940115862067e-01 -4.422689707566120065e-02
4.115087151329738790e-01 3.040626940944460843e-01
4.176506362543615514e-01 3.162680174344437156e-01
4.237925573757492237e-01 2.989063261517306280e-01
4.299344784971368960e-01 4.657241663547667665e-01
4.360763996185245683e-01 6.828397787055117130e-01
4.422183207399122407e-01 7.364364392350239985e-01
4.483602418612999130e-01 7.964639828052502146e-01
4.545021629826875853e-01 7.829756282435730297e-01
4.606440841040752021e-01 7.303976993691890796e-01
4.667860052254628744e-01 9.047804565371498908e-01
4.729279263468505468e-01 8.448820509137313639e-01
4.790698474682382191e-01 9.934101894980469361e-01
4.852117685896258914e-01 7.602063388866145965e-01
4.913536897110135637e-01 1.065891317499765734e+00
4.974956108324012360e-01 8.984040639337522727e-01
5.036375319537889084e-01 1.098667607717337180e+00
5.097794530751765807e-01 9.661697088634761954e-01
5.159213741965642530e-01 8.287102062271604064e-01
5.220632953179519253e-01 9.578863117715974429e-01
5.282052164393395977e-01 8.942771752566015531e-01
5.343471375607272700e-01 1.020461105827035198e+00
5.404890586821149423e-01 6.711265907162845545e-01
5.466309798035026146e-01 6.398500729097506001e-01
5.527729009248902869e-01 6.587505129609408927e-01
5.589148220462779593e-01 5.925892862661733540e-01
5.650567431676656316e-01 3.999160842049935272e-01
5.711986642890533039e-01 6.253373226369546289e-01
5.773405854104409762e-01 3.505825103250893582e-01
5.834825065318286486e-01 3.023919527190944700e-01
5.896244276532163209e-01 5.136584071897740689e-01
5.957663487746039932e-01 -6.807339249437445450e-02
6.019082698959916655e-01 -1.593854135044996956e-01
6.080501910173793378e-01 -1.112346431374867661e-01
6.141921121387670102e-01 -1.835923041642923415e-01
6.203340332601546825e-01 -2.923704912299671110e-01
6.264759543815423548e-01 -3.689253486079903666e-01
6.326178755029300271e-01 -2.361588901988319611e-01
6.387597966243176995e-01 -8.140209736082097969e-01
6.449017177457053718e-01 -6.942484710366542133e-01
6.510436388670930441e-01 -5.809041731250913498e-01
6.571855599884806054e-01 -9.130518585968292467e-01
6.633274811098682777e-01 -7.555974426051903503e-01
6.694694022312559500e-01 -9.114722458255350990e-01
6.756113233526436224e-01 -9.756500623208148593e-01
6.817532444740312947e-01 -9.942388155346226775e-01
6.878951655954189670e-01 -9.614182878211805505e-01
6.940370867168066393e-01 -1.238181342869510981e+00
7.001790078381943117e-01 -1.009762851410199724e+00
7.063209289595819840e-01 -9.431081618377055165e-01
7.124628500809696563e-01 -8.862905588928517986e-01
7.186047712023573286e-01 -1.148151309183913282e+00
7.247466923237450009e-01 -8.823273810754053148e-01
7.308886134451326733e-01 -9.029321082791748054e-01
7.370305345665203456e-01 -1.045362935495635748e+00
7.431724556879080179e-01 -8.396864932317483765e-01
7.493143768092956902e-01 -6.504954418831407903e-01
7.554562979306833626e-01 -5.217696674821825642e-01
7.615982190520710349e-01 -4.645282167549141805e-01
7.677401401734587072e-01 -5.067700583057067609e-01
7.738820612948463795e-01 -4.586807178553870545e-01
7.800239824162340518e-01 -3.682690023700132542e-01
7.861659035376217242e-01 -1.085760264977288503e-01
7.923078246590093965e-01 -1.744144541050799968e-01
7.984497457803970688e-01 -3.285648983759053426e-02
8.045916669017847411e-01 -2.289997175347471825e-02
8.107335880231724135e-01 8.559085552465450775e-02
8.168755091445600858e-01 4.093208065448474819e-01
8.230174302659477581e-01 2.445413556211694095e-01
8.291593513873354304e-01 5.583343332327782571e-01
8.353012725087231027e-01 5.104006457354035575e-01
8.414431936301107751e-01 7.434143489867731658e-01
8.475851147514984474e-01 7.963538906174141285e-01
8.537270358728861197e-01 8.156951242128250845e-01
8.598689569942737920e-01 8.856358415206653234e-01
8.660108781156614643e-01 9.253901247017464193e-01
8.721527992370491367e-01 8.623376450030800777e-01
8.782947203584368090e-01 8.308378878771813802e-01
8.844366414798244813e-01 1.056993107646337915e+00
8.905785626012121536e-01 1.055710244563355715e+00
8.967204837225998260e-01 9.073380817055660685e-01
9.028624048439874983e-01 9.044255834900930546e-01
9.090043259653751706e-01 9.853189345145506595e-01
9.151462470867628429e-01 8.784503104663996531e-01
9.212881682081504042e-01 1.042932287456698415e+00
9.274300893295380765e-01 9.159756639024982938e-01
9.335720104509257489e-01 8.313483048092906724e-01
9.397139315723134212e-01 7.428657751575653556e-01
9.458558526937010935e-01 7.208083509261237198e-01
9.519977738150887658e-01 7.025542487258501501e-01
9.581396949364764382e-01 6.965027331580485592e-01
9.642816160578641105e-01 4.965020391449651016e-01
9.704235371792517828e-01 3.845968849195418038e-01
9.765654583006394551e-01 4.446658623148160294e-01
9.827073794220271274e-01 4.257474723415792250e-01
9.888493005434147998e-01 2.913961253558671194e-01
9.949912216648024721e-01 6.351879179698065314e-02
1.001133142786190255e+00 -1.745422355538054845e-02
1.007275063907577817e+00 -8.201432798488147990e-02
1.013416985028965600e+00 -3.167400869597927215e-01
1.019558906150353161e+00 -3.444437483938160294e-01
1.025700827271740945e+00 -3.002076752456233066e-01
1.031842748393128506e+00 -5.849802405959724227e-01
1.037984669514516289e+00 -6.068793723046900235e-01
1.044126590635903851e+00 -6.065970263425561892e-01
1.050268511757291412e+00 -6.483659280062282759e-01
1.056410432878679195e+00 -6.213586727185104186e-01
1.062552354000066757e+00 -6.725978872182734047e-01
1.068694275121454540e+00 -9.007081323261073580e-01
1.074836196242842101e+00 -8.484290116857559072e-01
1.080978117364229885e+00 -1.032308424155637949e+00
1.087120038485617446e+00 -9.461235771815353912e-01
1.093261959607005229e+00 -9.934449739407456015e-01
1.099403880728392791e+00 -9.907455609752201520e-01
1.105545801849780574e+00 -1.018582643847094182e+00
1.111687722971168135e+00 -1.153255365207671357e+00
1.117829644092555919e+00 -1.077989484624766625e+00
1.123971565213943480e+00 -8.162586396177230474e-01
1.130113486335331263e+00 -8.479121492343657529e-01
1.136255407456718824e+00 -8.132620240117072186e-01
1.142397328578106608e+00 -6.555281526217187071e-01
1.148539249699494169e+00 -8.252945351950615738e-01
1.154681170820881952e+00 -7.175128801306996928e-01
1.160823091942269514e+00 -4.248135583829343309e-01
1.166965013063657297e+00 -4.577514127912451491e-01
1.173106934185044858e+00 -4.041693226101334968e-01
1.179248855306432642e+00 -3.274000864441792280e-01
1.185390776427820203e+00 -4.284047359025074386e-01
1.191532697549207986e+00 -1.022424259050811191e-01
1.197674618670595548e+00 6.436702289267536015e-02
1.203816539791983331e+00 -7.357316220220105896e-02
1.209958460913370892e+00 -3.498827269402152162e-02
1.216100382034758676e+00 2.706345190574427906e-01
1.222242303156146237e+00 1.172132177316073109e-01
1.228384224277534020e+00 4.797430033204548305e-01
1.234526145398921582e+00 5.555540780067662610e-01
1.240668066520309365e+00 7.055411406337757096e-01
1.246809987641696926e+00 8.503645552268053187e-01
1.252951908763084710e+00 8.342018441718747068e-01
1.259093829884472271e+00 7.793671735314523508e-01
1.265235751005860054e+00 8.550629462489275356e-01
1.271377672127247616e+00 9.322715106040175836e-01
1.277519593248635399e+00 8.484904466924207966e-01
1.283661514370022960e+00 1.051477248749531634e+00
1.289803435491410744e+00 1.062632252613577410e+00
1.295945356612798305e+00 1.003485967350158603e+00
1.302087277734186088e+00 9.770023585591636195e-01
1.308229198855573649e+00 1.051907059798469213e+00
1.314371119976961211e+00 1.044271379794947219e+00
1.320513041098348994e+00 9.591785689425548211e-01
1.326654962219736555e+00 7.609373850895685409e-01
1.332796883341124339e+00 8.804827745987933163e-01
1.338938804462511900e+00 6.723198970038940514e-01
1.345080725583899683e+00 6.820748023265706950e-01
1.351222646705287245e+00 5.467892820347247662e-01
1.357364567826675028e+00 7.530491762670938893e-01
1.363506488948062589e+00 6.168700809355606163e-01
1.369648410069450373e+00 3.815439243668465319e-01
1.375790331190837934e+00 3.234187532279647614e-01
1.381932252312225717e+00 3.371573641011519906e-01
1.388074173433613279e+00 7.926818812433643335e-02
1.394216094555001062e+00 1.380917176747706865e-01
1.400358015676388623e+00 3.457564535853499543e-02
1.406499936797776407e+00 1.097054421620022591e-01
1.412641857919163968e+00 -5.177807139729614927e-02
1.418783779040551751e+00 -1.791559557412318870e-01
1.424925700161939313e+00 -3.736993980839078411e-01
1.431067621283327096e+00 -4.870499323959219806e-01
1.437209542404714657e+00 -5.696022520977513937e-01
1.443351463526102441e+00 -4.271530952980382434e-01
1.449493384647490002e+00 -5.382769451324774801e-01
1.455635305768877785e+00 -8.861043659647807047e-01
1.461777226890265347e+00 -7.666744851096305435e-01
1.467919148011653130e+00 -8.335216574501327358e-01
1.474061069133040691e+00 -9.475425408408039152e-01
1.480202990254428475e+00 -8.069265042529708554e-01
1.486344911375816036e+00 -9.053875588703390598e-01
1.492486832497203819e+00 -9.104072897575262724e-01
1.498628753618591380e+00 -8.783052448433724679e-01
1.504770674739979164e+00 -9.371287271526153040e-01
1.510912595861366725e+00 -1.121688380533686358e+00
1.517054516982754508e+00 -1.016830321937862491e+00
1.523196438104142070e+00 -1.058802296413027477e+00
1.529338359225529853e+00 -6.986527167311391562e-01
1.535480280346917414e+00 -7.669373597588513558e-01
1.541622201468305198e+00 -6.505743275222664046e-01
1.547764122589692759e+00 -7.497744507004573400e-01
1.553906043711080542e+00 -7.580345660418501552e-01
1.560047964832468104e+00 -5.760021019695068523e-01
1.566189885953855887e+00 -4.674755524588311562e-01
1.572331807075243448e+00 -5.104429643363530555e-01
1.578473728196631010e+00 -3.267515582095958937e-01
1.584615649318018793e+00 -3.035470196628591300e-01
1.590757570439406354e+00 9.915498099446742875e-02
1.596899491560794138e+00 1.336160879773819199e-03
1.603041412682181699e+00 -2.336967486681910955e-02
1.609183333803569482e+00 3.867497783875853412e-01
1.615325254924957044e+00 2.957757700959839364e-01
1.621467176046344827e+00 4.725184604534261035e-01
1.627609097167732388e+00 5.404374671035290234e-01
1.633751018289120172e+00 5.187839953685896566e-01
1.639892939410507733e+00 4.845315587244050093e-01
1.646034860531895516e+00 7.027290922998576939e-01
1.652176781653283077e+00 7.516091027075838538e-01
1.658318702774670861e+00 7.577895659762747815e-01
1.664460623896058422e+00 8.151186199984136183e-01
1.670602545017446205e+00 7.706784951695037078e-01
1.676744466138833767e+00 9.146374449332128620e-01
1.682886387260221550e+00 9.122618246187084168e-01
1.689028308381609111e+00 1.148147423456093996e+00
1.695170229502996895e+00 9.612677210426534558e-01
1.701312150624384456e+00 9.577434965654714194e-01
1.707454071745772239e+00 9.100376124180944437e-01
1.713595992867159801e+00 9.910120493888412430e-01
1.719737913988547584e+00 1.019697689740624025e+00
1.725879835109935145e+00 9.631885629420120498e-01
1.732021756231322929e+00 7.873948548574052353e-01
1.738163677352710490e+00 7.302767586707232805e-01
1.744305598474098273e+00 9.157711693438844724e-01
1.750447519595485835e+00 5.501512731836296632e-01
1.756589440716873618e+00 5.831996033788784395e-01
1.762731361838261179e+00 5.873746114386908523e-01
1.768873282959648963e+00 3.711461420319450699e-01
1.775015204081036524e+00 6.101107145365385342e-01
1.781157125202424307e+00 4.401975734348190228e-01
1.787299046323811869e+00 2.509463109861293506e-01
1.793440967445199652e+00 1.648249261081589923e-01
1.799582888566587213e+00 1.354693499216841901e-01
1.805724809687974997e+00 -1.777503522973840622e-01
1.811866730809362558e+00 -2.822872798129683058e-01
1.818008651930750341e+00 -3.219220313785934318e-01
1.824150573052137903e+00 -1.869455127229028846e-01
1.830292494173525686e+00 -3.382565813952869704e-01
1.836434415294913247e+00 -5.887645365783832352e-01
1.842576336416300808e+00 -5.337344410800173300e-01
1.848718257537688592e+00 -7.816950472632586688e-01
1.854860178659076153e+00 -7.482818482699428175e-01
1.861002099780463936e+00 -6.701707135753482980e-01
1.867144020901851498e+00 -9.265154103978175959e-01
1.873285942023239281e+00 -9.739131771349529565e-01
1.879427863144626842e+00 -8.757880656271308517e-01
1.885569784266014626e+00 -1.003088339575075150e+00
1.891711705387402187e+00 -1.018007077700096685e+00
1.897853626508789970e+00 -8.655902490639922897e-01
1.903995547630177532e+00 -9.945149445579469782e-01
1.910137468751565315e+00 -1.113384975065529803e+00
1.916279389872952876e+00 -1.021645291764512686e+00
1.922421310994340660e+00 -9.532851880276442813e-01
1.928563232115728221e+00 -8.603529168605510424e-01
1.934705153237116004e+00 -7.048060643953961701e-01
1.940847074358503566e+00 -8.890687596506053891e-01
1.946988995479891349e+00 -7.563780179914012525e-01
1.953130916601278910e+00 -5.231209475486339189e-01
1.959272837722666694e+00 -4.827152705346736128e-01
1.965414758844054255e+00 -4.856974738797029678e-01
1.971556679965442038e+00 -1.738030104607879434e-01
1.977698601086829600e+00 -3.050491214730955969e-01
1.983840522208217383e+00 -2.146084684977317969e-01
1.989982443329604944e+00 -2.262060484302493291e-01
1.996124364450992728e+00 1.771477770761935994e-02
2.002266285572380511e+00 5.105224441375490196e-02
2.008408206693768072e+00 1.988243159200078769e-01
2.014550127815155633e+00 -8.575537579551623102e-03
2.020692048936543195e+00 3.545706097668616663e-01
2.026833970057931200e+00 3.481829187963688677e-01
2.032975891179318761e+00 6.074888018881194895e-01
2.039117812300706323e+00 5.738665549937157495e-01
2.045259733422093884e+00 7.050133235200979342e-01
2.051401654543481889e+00 8.017876631163182166e-01
2.057543575664869451e+00 8.060606162216715775e-01
2.063685496786257012e+00 8.364913721520131906e-01
2.069827417907644573e+00 8.689003366872418699e-01
2.075969339029032579e+00 8.587562957719198087e-01
2.082111260150420140e+00 9.580697640205846355e-01
2.088253181271807701e+00 1.015514377796803647e+00
2.094395102393195263e+00 1.119482148421236500e+00
2.100537023514582824e+00 8.125888711945213894e-01
2.106678944635970829e+00 8.637111593994142300e-01
2.112820865757358391e+00 9.040833268532805223e-01
2.118962786878745952e+00 9.166466093242108260e-01
2.125104708000133513e+00 8.923788745738774342e-01
2.131246629121521519e+00 8.389260935743615422e-01
2.137388550242909080e+00 7.696694395217930085e-01
2.143530471364296641e+00 8.461714904868823384e-01
2.149672392485684203e+00 7.799533217686932529e-01
2.155814313607072208e+00 5.753965003670458156e-01
2.161956234728459769e+00 6.165903842849647098e-01
2.168098155849847331e+00 5.250691768473151333e-01
2.174240076971234892e+00 4.068445426185637870e-01
2.180381998092622897e+00 2.158590394856915173e-01
2.186523919214010458e+00 1.878572145925339609e-01
2.192665840335398020e+00 7.876820163458697621e-02
2.198807761456785581e+00 1.168041107181540528e-01
2.204949682578173586e+00 8.728038717813746405e-02
2.211091603699561148e+00 -1.575493602503068302e-01
2.217233524820948709e+00 -3.385431577779603463e-01
2.223375445942336270e+00 -3.351455583780481029e-01
2.229517367063724276e+00 -4.596361006950648309e-01
2.235659288185111837e+00 -5.475367868699053675e-01
2.241801209306499398e+00 -6.817264449433313445e-01
2.247943130427886960e+00 -5.059275362191952841e-01
2.254085051549274965e+00 -7.929334224503299389e-01
2.260226972670662526e+00 -6.954578462803293615e-01
2.266368893792050088e+00 -8.381997177674119781e-01
2.272510814913437649e+00 -8.851332858132850978e-01
2.278652736034825654e+00 -1.039374376812649103e+00
2.284794657156213216e+00 -1.054154952754982055e+00
2.290936578277600777e+00 -7.510036882781252476e-01
2.297078499398988338e+00 -1.006767100284435612e+00
2.303220420520376344e+00 -7.997733507738320480e-01
2.309362341641763905e+00 -1.204206277696991068e+00
2.315504262763151466e+00 -1.001815803287116946e+00
2.321646183884539028e+00 -8.477894355908917046e-01
2.327788105005927033e+00 -8.897512081266761852e-01
2.333930026127314594e+00 -8.724964633147052062e-01
2.340071947248702156e+00 -7.043747935729177678e-01
2.346213868370089717e+00 -9.392107635452955350e-01
2.352355789491477722e+00 -7.835565398266999271e-01
2.358497710612865284e+00 -7.684691956613136643e-01
2.364639631734252845e+00 -5.729379602837464391e-01
2.370781552855640406e+00 -4.109728773493422360e-01
2.376923473977027967e+00 -2.799304968465314847e-01
2.383065395098415973e+00 -1.954772965672255391e-01
2.389207316219803534e+00 -2.160944569392050651e-01
2.395349237341191095e+00 -1.043769807439129393e-02
2.401491158462578657e+00 -7.465175700701900258e-03
2.407633079583966662e+00 3.439519364325388517e-01
2.413775000705354223e+00 2.583203122804139107e-01
2.419916921826741785e+00 3.117213153193077457e-01
2.426058842948129346e+00 3.510803628869397786e-01
2.432200764069517351e+00 4.573501377629886067e-01
2.438342685190904913e+00 6.447712828101508364e-01
2.444484606312292474e+00 5.659135285444063523e-01
2.450626527433680035e+00 6.713563699869290469e-01
2.456768448555068041e+00 6.611823911109585561e-01
2.462910369676455602e+00 8.910824688189843412e-01
2.469052290797843163e+00 9.865834024115995859e-01
2.475194211919230725e+00 9.278458263950821738e-01
2.481336133040618730e+00 9.121364149940649479e-01
2.487478054162006291e+00 8.803648370635384079e-01
2.493619975283393853e+00 9.551268349730334117e-01
2.499761896404781414e+00 9.344703545543194823e-01
2.505903817526169419e+00 1.070386801243975228e+00
2.512045738647556981e+00 9.843261125770661479e-01
2.518187659768944542e+00 1.026155218277872594e+00
2.524329580890332103e+00 9.637632116303190832e-01
2.530471502011720109e+00 7.876266364086086380e-01
2.536613423133107670e+00 8.422605707294388289e-01
2.542755344254495231e+00 8.423032970320905033e-01
2.548897265375882792e+00 8.505742812098124883e-01
2.555039186497270798e+00 4.243031938630386080e-01
2.561181107618658359e+00 5.442176756954980599e-01
2.567323028740045920e+00 3.403279116882185207e-01
2.573464949861433482e+00 2.539235071673880406e-01
2.579606870982821487e+00 6.593203034444905519e-02
2.585748792104209048e+00 2.161409750698086163e-01
2.591890713225596610e+00 1.578744302782910391e-01
2.598032634346984171e+00 5.609071861687460470e-02
2.604174555468372176e+00 -1.685092845693235142e-01
2.610316476589759738e+00 1.213797288240162364e-01
2.616458397711147299e+00 -2.808133006191509407e-01
2.622600318832534860e+00 -1.747540295034969160e-01
2.628742239953922422e+00 -3.661498626500346854e-01
2.634884161075310427e+00 -5.092475852234418232e-01
2.641026082196697988e+00 -7.547269305502999348e-01
2.647168003318085550e+00 -7.581768853466258618e-01
2.653309924439473111e+00 -8.339512320608362117e-01
2.659451845560861116e+00 -8.188462270891762040e-01
2.665593766682248678e+00 -8.114560131486141525e-01
2.671735687803636239e+00 -7.213916661010919551e-01
2.677877608925023800e+00 -1.010020505695834014e+00
2.684019530046411806e+00 -8.825732296140105237e-01
2.690161451167799367e+00 -9.416894365211503359e-01
2.696303372289186928e+00 -9.834495785326965445e-01
2.702445293410574489e+00 -8.588492080600291789e-01
2.708587214531962495e+00 -9.987228597753922132e-01
2.714729135653350056e+00 -1.061361025354814025e+00
2.720871056774737617e+00 -1.035991871942324893e+00
2.727012977896125179e+00 -1.134313954009021241e+00
2.733154899017513184e+00 -8.441956676288779882e-01
2.739296820138900745e+00 -8.504442861831879030e-01
2.745438741260288307e+00 -9.394020287980924255e-01
2.751580662381675868e+00 -6.902544670855689235e-01
2.757722583503063873e+00 -6.983338311596690717e-01
2.763864504624451435e+00 -3.030283971648309871e-01
2.770006425745838996e+00 -2.950964354588561656e-01
2.776148346867226557e+00 -1.771430544940999496e-01
2.782290267988614563e+00 -1.400482139646187230e-01
2.788432189110002124e+00 -2.734564107085774021e-01
2.794574110231389685e+00 -2.470672793008287516e-01
2.800716031352777247e+00 -2.157468266677682600e-01
2.806857952474165252e+00 1.678852127455393584e-02
2.812999873595552813e+00 4.381257729954286528e-01
2.819141794716940375e+00 3.515371293068051406e-01
2.825283715838327936e+00 5.561501299843076840e-01
2.831425636959715941e+00 4.127789850716620523e-01
2.837567558081103503e+00 6.250615463149591378e-01
2.843709479202491064e+00 6.384527714905480211e-01
2.849851400323878625e+00 8.466491327120434507e-01
2.855993321445266631e+00 8.587926098658419383e-01
2.862135242566654192e+00 8.491204954882624056e-01
2.868277163688041753e+00 8.934880313479839353e-01
2.874419084809429314e+00 7.218618146415198833e-01
2.880561005930817320e+00 7.761893977940715894e-01
2.886702927052204881e+00 9.727367924465046833e-01
2.892844848173592442e+00 9.920134691926870696e-01
2.898986769294980004e+00 9.825023964286803135e-01
2.905128690416367565e+00 7.656638589799842354e-01
2.911270611537755570e+00 1.017874925858059942e+00
2.917412532659143132e+00 7.867296797127680819e-01
2.923554453780530693e+00 8.901549846229444007e-01
2.929696374901918254e+00 7.050053423761664106e-01
2.935838296023306260e+00 6.096233702248085029e-01
2.941980217144693821e+00 1.005879241250753786e+00
2.948122138266081382e+00 7.664909810645579302e-01
2.954264059387468944e+00 8.281746984268943956e-01
2.960405980508856949e+00 3.638678011334475215e-01
2.966547901630244510e+00 3.610004848633112107e-01
2.972689822751632072e+00 5.614786331492149785e-01
2.978831743873019633e+00 3.549489409403689955e-01
2.984973664994407638e+00 3.306836715479308797e-01
2.991115586115795200e+00 -9.143437958416442135e-02
2.997257507237182761e+00 1.092595513309775335e-01
3.003399428358570322e+00 -3.280112182638253437e-02
3.009541349479958328e+00 -7.977249766438886114e-02
3.015683270601345889e+00 -3.961419905794575369e-01
3.021825191722733450e+00 -4.798712595850659901e-01
3.027967112844121012e+00 -4.045188852677301106e-01
3.034109033965509017e+00 -6.471498330237241969e-01
3.040250955086896578e+00 -7.247971487416559055e-01
3.046392876208284139e+00 -6.303277260698679774e-01
3.052534797329671701e+00 -7.976610155530268198e-01
3.058676718451059706e+00 -9.310387392492383007e-01
3.064818639572447267e+00 -7.698888116718947128e-01
3.070960560693834829e+00 -8.153735733299758426e-01
3.077102481815222390e+00 -9.901047821983196551e-01
3.083244402936610395e+00 -1.169688621915816240e+00
3.089386324057997957e+00 -9.977301289908735438e-01
3.095528245179385518e+00 -8.456353871409516554e-01
3.101670166300773079e+00 -1.059694129896919357e+00
3.107812087422161085e+00 -9.274409132080851936e-01
3.113954008543548646e+00 -8.811391409430526789e-01
3.120095929664936207e+00 -9.339582155063980151e-01
3.126237850786323769e+00 -9.581769630902264856e-01
3.132379771907711774e+00 -8.009305525527973257e-01
3.138521693029099335e+00 -7.749776685044180713e-01
3.144663614150486897e+00 -7.860903281663967901e-01
3.150805535271874458e+00 -5.468025962751456026e-01
3.156947456393262019e+00 -6.503744554919829168e-01
3.163089377514650025e+00 -6.418016864304370017e-01
3.169231298636037586e+00 -4.014162941820960118e-01
3.175373219757425147e+00 -4.080807807238855944e-01
3.181515140878812709e+00 -2.963747381798957359e-01
3.187657062000200714e+00 -2.514733875095356286e-01
3.193798983121588275e+00 -3.963014204342916319e-02
3.199940904242975837e+00 -2.971153985152953300e-02
3.206082825364363398e+00 1.888497430230437479e-03
3.212224746485751403e+00 2.141507677036577351e-01
3.218366667607138965e+00 4.808395463158151584e-01
3.224508588728526526e+00 4.753976908403522161e-01
3.230650509849914087e+00 3.469304873918462873e-01
3.236792430971302093e+00 6.829494014602357499e-01
3.242934352092689654e+00 7.207891561610809683e-01
3.249076273214077215e+00 8.648335960135498102e-01
3.255218194335464776e+00 7.645553410990718612e-01
3.261360115456852782e+00 8.033315175786801543e-01
3.267502036578240343e+00 8.084304172668599353e-01
3.273643957699627904e+00 7.706990478852185911e-01
3.279785878821015466e+00 8.346070725235796850e-01
3.285927799942403471e+00 1.050868441650872898e+00
3.292069721063791032e+00 8.696377672529245206e-01
3.298211642185178594e+00 1.049638339371548046e+00
3.304353563306566155e+00 9.022931998020656819e-01
3.310495484427954160e+00 8.194069335686846589e-01
3.316637405549341722e+00 8.830494003806116377e-01
3.322779326670729283e+00 9.310861282573272835e-01
3.328921247792116844e+00 1.009335879750544507e+00
3.335063168913504850e+00 8.399858427723133625e-01
3.341205090034892411e+00 8.445484237220859391e-01
3.347347011156279972e+00 6.667857219009758474e-01
3.353488932277667534e+00 6.852528858265922729e-01
3.359630853399055539e+00 6.283623160192298718e-01
3.365772774520443100e+00 4.027619848600357266e-01
3.371914695641830662e+00 6.692979844156194957e-01
3.378056616763218223e+00 3.412909795575481686e-01
3.384198537884606228e+00 1.834165109547631067e-01
3.390340459005993790e+00 2.037707075437107662e-01
3.396482380127381351e+00 1.913945779457515151e-01
3.402624301248768912e+00 -1.510419087791353143e-01
3.408766222370156473e+00 -1.885717599163061753e-01
3.414908143491544479e+00 -3.253698510521747522e-01
3.421050064612932040e+00 -2.532003026258790035e-01
3.427191985734319601e+00 -4.879599582839251326e-01
3.433333906855707163e+00 -3.621348336335158402e-01
3.439475827977095168e+00 -5.752205038704411022e-01
3.445617749098482729e+00 -7.052031679795732755e-01
3.451759670219870291e+00 -4.558293733863099106e-01
3.457901591341257852e+00 -8.603146428592266526e-01
3.464043512462645857e+00 -9.063942393552321120e-01
3.470185433584033419e+00 -1.057861808420069494e+00
3.476327354705420980e+00 -9.477849980568471278e-01
3.482469275826808541e+00 -9.823743802560389593e-01
3.488611196948196547e+00 -9.415811356746868199e-01
3.494753118069584108e+00 -1.114690392476216596e+00
3.500895039190971669e+00 -1.145012823250813216e+00
3.507036960312359231e+00 -1.227645573786650957e+00
3.513178881433747236e+00 -9.441688482888500600e-01
3.519320802555134797e+00 -8.848177045297567211e-01
3.525462723676522359e+00 -1.070107440224018713e+00
3.531604644797909920e+00 -8.106511117371748565e-01
3.537746565919297925e+00 -8.140960518947807367e-01
3.543888487040685487e+00 -7.668444846892331634e-01
3.550030408162073048e+00 -7.660680677393914007e-01
3.556172329283460609e+00 -6.314870457815650040e-01
3.562314250404848615e+00 -6.617938358236250540e-01
3.568456171526236176e+00 -4.700429596948282884e-01
3.574598092647623737e+00 -4.129826687262548313e-01
3.580740013769011298e+00 -3.223620595579443915e-01
3.586881934890399304e+00 -1.924625680584807208e-01
3.593023856011786865e+00 -5.087805910821807664e-02
3.599165777133174426e+00 8.865972122329783545e-02
3.605307698254561988e+00 2.865907986949918218e-01
3.611449619375949993e+00 2.352893991353359193e-01
3.617591540497337554e+00 3.431624768179656892e-01
3.623733461618725116e+00 2.304336719703416192e-01
3.629875382740112677e+00 4.385750244532759523e-01
3.636017303861500682e+00 4.803465724880341958e-01
3.642159224982888244e+00 4.804427422927524116e-01
3.648301146104275805e+00 5.437029445473450240e-01
3.654443067225663366e+00 7.059682603775143672e-01
3.660584988347051372e+00 8.828510158360234339e-01
3.666726909468438933e+00 7.625870968983987641e-01
3.672868830589826494e+00 1.030825766542865951e+00
3.679010751711214056e+00 7.930477362389432017e-01
3.685152672832601617e+00 9.842012641408647289e-01
3.691294593953989622e+00 9.682879783360665016e-01
3.697436515075377184e+00 8.831092232634332184e-01
3.703578436196764745e+00 9.910560213997025025e-01
3.709720357318152306e+00 9.296087321311191642e-01
3.715862278439540312e+00 9.768466257146986020e-01
3.722004199560927873e+00 1.100677637666317432e+00
3.728146120682315434e+00 8.521582273236302241e-01
3.734288041803702995e+00 8.698273944396278656e-01
3.740429962925091001e+00 7.154914876834393977e-01
3.746571884046478562e+00 6.122735735578610505e-01
3.752713805167866123e+00 7.853466332777135905e-01
3.758855726289253685e+00 5.870373788795578696e-01
3.764997647410641690e+00 4.900105432638549585e-01
3.771139568532029251e+00 5.124453893736726773e-01
3.777281489653416813e+00 3.661474725619160431e-01
3.783423410774804374e+00 2.020360324626947479e-01
3.789565331896192379e+00 -3.095960336118711020e-02
3.795707253017579941e+00 1.193134116917358989e-01
3.801849174138967502e+00 7.531284398804603125e-03
3.807991095260355063e+00 -1.773572245257278024e-01
3.814133016381743069e+00 -1.549740043396548028e-01
3.820274937503130630e+00 -3.028549158064051117e-01
3.826416858624518191e+00 -4.219877260341309833e-01
3.832558779745905753e+00 -4.332959941831059925e-01
3.838700700867293758e+00 -6.182841130645729821e-01
3.844842621988681319e+00 -6.978464494733700452e-01
3.850984543110068881e+00 -6.053494220591929542e-01
3.857126464231456442e+00 -9.571168037271511331e-01
3.863268385352844447e+00 -8.356388204032464406e-01
3.869410306474232009e+00 -8.516658829875055625e-01
3.875552227595619570e+00 -8.492963933612609484e-01
3.881694148717007131e+00 -8.646531368474026369e-01
3.887836069838395137e+00 -8.807428643176986593e-01
3.893977990959782698e+00 -1.037781089558099890e+00
3.900119912081170259e+00 -1.017712935637602012e+00
3.906261833202557820e+00 -9.522268963727076319e-01
3.912403754323945826e+00 -8.518266085635461948e-01
3.918545675445333387e+00 -1.005988022735218479e+00
3.924687596566720948e+00 -1.032536695980798669e+00
3.930829517688108510e+00 -9.420649055167054087e-01
3.936971438809496071e+00 -8.843074940845974119e-01
3.943113359930884076e+00 -7.784362407130832606e-01
3.949255281052271638e+00 -7.886522536141172823e-01
3.955397202173659199e+00 -5.901849919634565289e-01
3.961539123295046760e+00 -6.693078580820618351e-01
3.967681044416434766e+00 -6.207480466509447403e-01
3.973822965537822327e+00 -4.019574626182682575e-01
3.979964886659209888e+00 -3.978347093112238886e-02
3.986106807780597450e+00 -2.473985612078240526e-01
3.992248728901985455e+00 -9.516796029792123912e-02
3.998390650023373016e+00 1.785723509262231723e-01
4.004532571144761022e+00 -4.073934963933392717e-03
4.010674492266148583e+00 2.229573589839198566e-01
4.016816413387536144e+00 1.799516900999724722e-01
4.022958334508923706e+00 4.667078550684595761e-01
4.029100255630311267e+00 5.724017835868391302e-01
4.035242176751698828e+00 4.220395421513193357e-01
4.041384097873086390e+00 6.787052785498240981e-01
4.047526018994473951e+00 6.584968600428801055e-01
4.053667940115862400e+00 8.008774737244896968e-01
4.059809861237249962e+00 8.920704057041772828e-01
4.065951782358637523e+00 9.935134426534062424e-01
4.072093703480025084e+00 8.761804893169217179e-01
4.078235624601412646e+00 9.542584092619463831e-01
4.084377545722800207e+00 8.879922239437979536e-01
4.090519466844187768e+00 1.091727465941893627e+00
4.096661387965575329e+00 1.145337561630590972e+00
4.102803309086963779e+00 9.698056434750732535e-01
4.108945230208351340e+00 9.260150608583275211e-01
4.115087151329738901e+00 7.810214933239570945e-01
4.121229072451126463e+00 8.516128152507673743e-01
4.127370993572514024e+00 7.912180637327927979e-01
4.133512914693901585e+00 9.435449134624293022e-01
4.139654835815289147e+00 8.162576359413741267e-01
4.145796756936676708e+00 8.474015092042044284e-01
4.151938678058065157e+00 6.916139626417487918e-01
4.158080599179452719e+00 5.392138805245614286e-01
4.164222520300840280e+00 4.641363783017676825e-01
4.170364441422227841e+00 4.877358264465014859e-01
4.176506362543615403e+00 2.784031272079587893e-01
4.182648283665002964e+00 1.682481970635859581e-01
4.188790204786390525e+00 7.687138068100163313e-02
4.194932125907778087e+00 -7.294091571910160665e-03
4.201074047029165648e+00 9.901390367011252136e-02
4.207215968150554097e+00 -8.197084041404556487e-02
4.213357889271941659e+00 -2.018866258469927122e-01
4.219499810393329220e+00 -3.156410519449989738e-01
4.225641731514716781e+00 -4.714004807127465391e-01
4.231783652636104343e+00 -4.250610924872101903e-01
4.237925573757491904e+00 -6.651678288567173247e-01
4.244067494878879465e+00 -6.488594168015334729e-01
4.250209416000267026e+00 -7.309350427150785867e-01
4.256351337121655476e+00 -8.117719792213656804e-01
4.262493258243043037e+00 -7.441390259660660700e-01
4.268635179364430599e+00 -8.996320324206465990e-01
4.274777100485818160e+00 -9.780974436052518595e-01
4.280919021607205721e+00 -9.072859564062430993e-01
4.287060942728593282e+00 -1.006028273721607968e+00
4.293202863849980844e+00 -9.083840939548775140e-01
4.299344784971368405e+00 -9.170905531902313612e-01
4.305486706092756855e+00 -9.994451346303914185e-01
4.311628627214144416e+00 -9.169715710858603597e-01
4.317770548335531977e+00 -9.388671895521933930e-01
4.323912469456919538e+00 -9.556394535905823329e-01
4.330054390578307100e+00 -9.330033497418711574e-01
4.336196311699694661e+00 -8.326787486875879551e-01
4.342338232821082222e+00 -7.200203630390921150e-01
4.348480153942469784e+00 -7.959571768873848763e-01
4.354622075063858233e+00 -7.228632199651547907e-01
4.360763996185245794e+00 -6.691727284635494710e-01
4.366905917306633356e+00 -5.919754385070938874e-01
4.373047838428020917e+00 -3.507899831440585148e-01
4.379189759549408478e+00 -4.912133567103860177e-01
4.385331680670796040e+00 -2.765577595505834263e-01
4.391473601792183601e+00 -1.643533077760233885e-01
4.397615522913571162e+00 -1.536580538783916816e-01
4.403757444034959612e+00 1.835372258392309885e-01
4.409899365156347173e+00 2.801223492222247868e-01
4.416041286277734734e+00 3.583043995954954819e-01
4.422183207399122296e+00 2.440232363221728207e-01
4.428325128520509857e+00 6.584855218109226804e-01
4.434467049641897418e+00 5.098392540285070496e-01
4.440608970763284979e+00 6.135739550107817131e-01
4.446750891884672541e+00 6.622106919792849489e-01
4.452892813006060990e+00 8.085490317655282810e-01
4.459034734127448552e+00 6.671681565590040774e-01
4.465176655248836113e+00 8.232508973511056816e-01
4.471318576370223674e+00 1.037477272590997535e+00
4.477460497491611235e+00 8.657801221258524249e-01
4.483602418612998797e+00 1.156284366164971544e+00
4.489744339734386358e+00 1.043983225504049761e+00
4.495886260855773919e+00 1.183779604966408439e+00
4.502028181977161481e+00 1.047602277002101623e+00
4.508170103098549930e+00 1.038036954146844160e+00
4.514312024219937491e+00 9.528865570888863656e-01
4.520453945341325053e+00 8.859002159071514004e-01
4.526595866462712614e+00 1.132632471148362630e+00
4.532737787584100175e+00 9.088170730451906598e-01
4.538879708705487737e+00 7.926908274012569589e-01
4.545021629826875298e+00 8.106238253467042965e-01
4.551163550948262859e+00 8.492005748643665086e-01
4.557305472069651309e+00 5.252784062994095837e-01
4.563447393191038870e+00 6.066229149050039737e-01
4.569589314312426431e+00 4.936705519686923616e-01
4.575731235433813993e+00 3.849903985034690557e-01
4.581873156555201554e+00 4.760071216311138054e-01
4.588015077676589115e+00 1.097862829635340431e-01
4.594156998797976676e+00 1.607795468736673561e-01
4.600298919919364238e+00 8.313319499756051389e-02
4.606440841040752687e+00 -6.328913863206908630e-02
4.612582762162140249e+00 -2.379657769991064542e-01
4.618724683283527810e+00 -3.603561621952988681e-01
4.624866604404915371e+00 -5.353378984049881328e-01
4.631008525526302932e+00 -4.821634370950723114e-01
4.637150446647690494e+00 -8.028893677489337133e-01
4.643292367769078055e+00 -5.007691140877563729e-01
4.649434288890465616e+00 -4.966805866296507554e-01
4.655576210011854066e+00 -6.637790426270792077e-01
4.661718131133241627e+00 -7.070130373952145941e-01
4.667860052254629188e+00 -7.421197978543575546e-01
4.674001973376016750e+00 -1.192930850395854225e+00
4.680143894497404311e+00 -9.799941497680574320e-01
4.686285815618791872e+00 -9.482839916881734554e-01
4.692427736740179434e+00 -1.154060468527946748e+00
4.698569657861566995e+00 -1.081029502251642738e+00
4.704711578982955444e+00 -1.033122833698137510e+00
4.710853500104343006e+00 -1.068655701011104853e+00
4.716995421225730567e+00 -8.789472367899631156e-01
4.723137342347118128e+00 -9.647068397585627508e-01
4.729279263468505690e+00 -1.181292175299483160e+00
4.735421184589893251e+00 -8.283655576048560842e-01
4.741563105711280812e+00 -8.269222347959286346e-01
4.747705026832668374e+00 -7.664900774419403096e-01
4.753846947954055935e+00 -7.523091945016009419e-01
4.759988869075444384e+00 -6.144171000602627331e-01
4.766130790196831946e+00 -4.680621336202625549e-01
4.772272711318219507e+00 -2.283778090829619023e-01
4.778414632439607068e+00 -1.749903709090470383e-01
4.784556553560994629e+00 -1.570151336678882736e-01
4.790698474682382191e+00 -1.183705546282902976e-01
4.796840395803769752e+00 -6.860914744490491379e-02
4.802982316925157313e+00 -1.702267397916297498e-03
4.809124238046545763e+00 3.714186709158333322e-02
4.815266159167933324e+00 2.647176533691170119e-01
4.821408080289320885e+00 4.289254906683525603e-01
4.827550001410708447e+00 3.853178163526552180e-01
4.833691922532096008e+00 3.941014745253329510e-01
4.839833843653483569e+00 4.515674260517983374e-01
4.845975764774871131e+00 6.389162476655215750e-01
4.852117685896258692e+00 5.305459002785538614e-01
4.858259607017647141e+00 8.692502028183158869e-01
4.864401528139034703e+00 9.300279687637293957e-01
4.870543449260422264e+00 8.976293147333795908e-01
4.876685370381809825e+00 8.865182352644254138e-01
4.882827291503197387e+00 9.059183333981467579e-01
4.888969212624584948e+00 9.188089812515992660e-01
4.895111133745972509e+00 9.636008486054038480e-01
4.901253054867360071e+00 9.793449869790816775e-01
4.907394975988748520e+00 9.068938133304802474e-01
4.913536897110136081e+00 1.167110559338620623e+00
4.919678818231523643e+00 1.031796958591351121e+00
4.925820739352911204e+00 9.771101784705948923e-01
4.931962660474298765e+00 9.196198190786135651e-01
4.938104581595686327e+00 8.029381106548938440e-01
4.944246502717073888e+00 8.271731761754506085e-01
4.950388423838461449e+00 7.139472823865632423e-01
4.956530344959849899e+00 4.734192678235354945e-01
4.962672266081237460e+00 6.028648353993375508e-01
4.968814187202625021e+00 4.021014588206170415e-01
4.974956108324012583e+00 2.377942747451770034e-01
4.981098029445400144e+00 2.932320455967525885e-01
4.987239950566787705e+00 2.580130566107936008e-01
4.993381871688175266e+00 -6.567321654768845662e-02
4.999523792809562828e+00 -9.731580425844632565e-02
5.005665713930950389e+00 -8.020571090245337542e-02
5.011807635052338838e+00 -1.354259832781309625e-01
5.017949556173726400e+00 -2.056121725555249413e-01
5.024091477295113961e+00 -4.240874479741794101e-01
5.030233398416501522e+00 -4.276182478038613177e-01
5.036375319537889084e+00 -5.326665175515451489e-01
5.042517240659276645e+00 -4.833805137429910692e-01
5.048659161780664206e+00 -7.345676153300768618e-01
5.054801082902051768e+00 -9.122996845097308682e-01
5.060943004023440217e+00 -8.734045545048678694e-01
5.067084925144827778e+00 -7.008978561549888964e-01
5.073226846266215340e+00 -7.449932159487615557e-01
5.079368767387602901e+00 -1.121182638245601382e+00
5.085510688508990462e+00 -1.062247791704671540e+00
5.091652609630378024e+00 -1.088901273232906419e+00
5.097794530751765585e+00 -1.244408338590780261e+00
5.103936451873153146e+00 -1.041899591580227158e+00
5.110078372994541596e+00 -1.053453095569647502e+00
5.116220294115929157e+00 -9.030681237571928088e-01
5.122362215237316718e+00 -9.126837258062878711e-01
5.128504136358704280e+00 -1.020323455532770485e+00
5.134646057480091841e+00 -6.959612228045656268e-01
5.140787978601479402e+00 -7.663841626930046891e-01
5.146929899722866963e+00 -8.277226859633508571e-01
5.153071820844254525e+00 -5.669613808809126354e-01
5.159213741965642974e+00 -7.574819695619453563e-01
5.165355663087030536e+00 -4.881506183842677093e-01
5.171497584208418097e+00 -3.394652989753451089e-01
5.177639505329805658e+00 -3.120038344492901405e-01
5.183781426451193219e+00 1.948195574265287888e-02
5.189923347572580781e+00 -2.268801852526269591e-01
5.196065268693968342e+00 -1.700110847759696286e-01
5.202207189815355903e+00 7.449803012374622835e-02
5.208349110936744353e+00 1.185341910590290565e-01
5.214491032058131914e+00 1.924670223958916682e-01
5.220632953179519475e+00 4.573686868047633913e-01
5.226774874300907037e+00 5.547147664289837632e-01
5.232916795422294598e+00 5.164776603237333230e-01
5.239058716543682159e+00 6.416022032315616963e-01
5.245200637665069721e+00 5.416815749167658289e-01
5.251342558786457282e+00 8.915173786539148937e-01
5.257484479907844843e+00 7.643305835235361112e-01
5.263626401029233293e+00 9.227569467807064107e-01
5.269768322150620854e+00 9.492976779478926597e-01
5.275910243272008415e+00 9.665799479376548931e-01
5.282052164393395977e+00 9.186796611079302011e-01
5.288194085514783538e+00 1.092894538115497305e+00
5.294336006636171099e+00 9.800676346612900991e-01
5.300477927757558660e+00 8.803865023844980042e-01
5.306619848878946222e+00 9.375178377746907765e-01
5.312761770000334671e+00 9.226972493106635476e-01
5.318903691121722233e+00 1.073714701753156309e+00
5.325045612243109794e+00 9.687547577591762993e-01
5.331187533364497355e+00 8.523225850979418983e-01
5.337329454485884916e+00 9.721105528047682132e-01
5.343471375607272478e+00 7.933513645138758896e-01
5.349613296728660039e+00 7.491927175983348342e-01
5.355755217850047600e+00 5.570149529086121376e-01
5.361897138971436050e+00 6.806517840261309127e-01
5.368039060092823611e+00 4.729502871014767962e-01
5.374180981214211172e+00 3.477501968795947418e-01
5.380322902335598734e+00 1.147768876471169930e-01
5.386464823456986295e+00 2.253417689199206098e-01
5.392606744578373856e+00 3.649912051112420563e-01
5.398748665699761418e+00 3.929113838746826209e-02
5.404890586821148979e+00 -1.495423422448116657e-01
5.411032507942537428e+00 6.520971624957533352e-02
5.417174429063924990e+00 -3.153257559924405595e-01
5.423316350185312551e+00 -1.855717024408180815e-01
5.429458271306700112e+00 -4.839348715431834869e-01
5.435600192428087674e+00 -4.810294199702904727e-01
5.441742113549475235e+00 -6.021770523941701869e-01
5.447884034670862796e+00 -6.057590418664111631e-01
5.454025955792250357e+00 -7.142071822768762956e-01
5.460167876913638807e+00 -1.062677245373607526e+00
5.466309798035026368e+00 -5.607466282576303307e-01
5.472451719156413930e+00 -8.776454942481866084e-01
5.478593640277801491e+00 -9.118919525938441462e-01
5.484735561399189052e+00 -1.036108058736733506e+00
5.490877482520576613e+00 -1.084241366043189325e+00
5.497019403641964175e+00 -1.100882610030119668e+00
5.503161324763351736e+00 -1.082570056550361537e+00
5.509303245884739297e+00 -9.300938751796706816e-01
5.515445167006127747e+00 -8.395668109407175006e-01
5.521587088127515308e+00 -9.901386840913277698e-01
5.527729009248902869e+00 -7.315524622788116549e-01
5.533870930370290431e+00 -8.632419651609729572e-01
5.540012851491677992e+00 -7.518066426664752333e-01
5.546154772613065553e+00 -6.858494170736222362e-01
5.552296693734453115e+00 -6.298725329921357474e-01
5.558438614855840676e+00 -5.915011955252483800e-01
5.564580535977229125e+00 -6.016982977600084936e-01
5.570722457098616687e+00 -4.930114672663010733e-01
5.576864378220004248e+00 -4.026660010132522838e-01
5.583006299341391809e+00 -2.567266407811750750e-01
5.589148220462779371e+00 -2.931037518867333214e-01
5.595290141584166932e+00 -2.665618524087572105e-02
5.601432062705554493e+00 -1.261524383256841242e-01
5.607573983826942055e+00 5.975875069658271449e-02
5.613715904948330504e+00 1.102097318623431604e-01
5.619857826069718065e+00 3.793998787491240088e-01
5.625999747191105627e+00 3.103053767852517741e-01
5.632141668312493188e+00 6.020194778052365692e-01
5.638283589433880749e+00 6.035600316107184726e-01
5.644425510555268310e+00 7.845050183391741871e-01
5.650567431676655872e+00 9.081469094116007001e-01
5.656709352798043433e+00 7.606147655322170742e-01
5.662851273919431883e+00 7.956613084020650595e-01
5.668993195040819444e+00 9.228368329961708083e-01
5.675135116162207005e+00 1.121597880507054779e+00
5.681277037283594566e+00 9.329473771018246264e-01
5.687418958404982128e+00 1.011364230687471499e+00
5.693560879526369689e+00 9.009593071706669676e-01
5.699702800647757250e+00 1.033808521651288448e+00
5.705844721769144812e+00 1.184653235725912301e+00
5.711986642890533261e+00 9.501149265227014640e-01
5.718128564011920822e+00 1.019458376533206589e+00
5.724270485133308384e+00 8.972690708445971719e-01
5.730412406254695945e+00 9.959015091185725588e-01
5.736554327376083506e+00 7.952861462337951215e-01
5.742696248497471068e+00 7.607883116738659579e-01
5.748838169618858629e+00 9.084344218497141243e-01
5.754980090740246190e+00 5.885050854795237374e-01
5.761122011861634640e+00 7.167705841845047887e-01
5.767263932983022201e+00 5.652417263563868088e-01
5.773405854104409762e+00 2.297342999811111397e-01
5.779547775225797324e+00 3.001374563839442899e-01
5.785689696347184885e+00 1.803447484260036482e-01
5.791831617468572446e+00 1.687393559330514492e-01
5.797973538589960008e+00 -2.977772196888059386e-02
5.804115459711347569e+00 -1.972168964108579337e-01
5.810257380832735130e+00 -1.352914405436878575e-01
5.816399301954123580e+00 -2.249172381130355169e-01
5.822541223075511141e+00 -3.364237810231304748e-01
5.828683144196898702e+00 -3.114197594047497519e-01
5.834825065318286264e+00 -5.448756420824873992e-01
5.840966986439673825e+00 -5.342513685357840325e-01
5.847108907561061386e+00 -7.137375050704634072e-01
5.853250828682448947e+00 -7.147584515662267490e-01
5.859392749803836509e+00 -6.964721772420670032e-01
5.865534670925224958e+00 -9.124171452730209797e-01
5.871676592046612519e+00 -9.502782288984347181e-01
5.877818513168000081e+00 -1.132152588850817487e+00
5.883960434289387642e+00 -9.449991687895155090e-01
5.890102355410775203e+00 -9.010614083493736493e-01
5.896244276532162765e+00 -9.583468557754869499e-01
5.902386197653550326e+00 -7.882669796401526874e-01
5.908528118774937887e+00 -1.057093065029299783e+00
5.914670039896326337e+00 -7.969967061177223311e-01
5.920811961017713898e+00 -9.095858398913779785e-01
5.926953882139101459e+00 -8.917636832240708467e-01
5.933095803260489021e+00 -9.851129063174492995e-01
5.939237724381876582e+00 -8.010835865984485826e-01
5.945379645503264143e+00 -6.595054834109143060e-01
5.951521566624651705e+00 -5.112525579680076149e-01
5.957663487746039266e+00 -5.869120527188367298e-01
5.963805408867427715e+00 -7.433232344587797913e-01
5.969947329988815277e+00 -4.966817461370411357e-01
5.976089251110202838e+00 -4.625048685869659892e-01
5.982231172231590399e+00 -2.186691395033667218e-01
5.988373093352977961e+00 -1.883852230722991572e-01
5.994515014474365522e+00 -1.395176318296739715e-01
6.000656935595753083e+00 7.962537821009510464e-02
6.006798856717140644e+00 -7.666788888115029510e-02
6.012940777838529094e+00 2.813541886442383344e-01
6.019082698959916655e+00 4.433010795589846786e-01
6.025224620081304217e+00 4.706703179964756845e-01
6.031366541202691778e+00 4.870932376301824740e-01
6.037508462324079339e+00 5.261231626654239157e-01
6.043650383445466900e+00 6.230768264408532708e-01
6.049792304566854462e+00 5.862846706623326964e-01
6.055934225688242023e+00 7.992349608473795497e-01
6.062076146809629584e+00 8.400754102195652218e-01
6.068218067931018034e+00 1.046598249026676086e+00
6.074359989052405595e+00 1.146405538103668187e+00
6.080501910173793156e+00 9.380828617455285734e-01
6.086643831295180718e+00 9.267471171368057981e-01
6.092785752416568279e+00 9.294451632060202195e-01
6.098927673537955840e+00 9.794357226504025737e-01
6.105069594659343402e+00 9.222136007402990110e-01
6.111211515780730963e+00 9.701844519144228185e-01
6.117353436902119412e+00 1.068667273473561607e+00
6.123495358023506974e+00 1.025741981144694837e+00
6.129637279144894535e+00 9.745890476487465426e-01
6.135779200266282096e+00 8.286357150102480196e-01
6.141921121387669658e+00 8.910676004054136623e-01
6.148063042509057219e+00 8.746550136962751854e-01
6.154204963630444780e+00 6.523942222407215219e-01
6.160346884751832341e+00 5.667344475806731507e-01
6.166488805873220791e+00 7.882947629362460074e-01
6.172630726994608352e+00 3.325412959511500066e-01
6.178772648115995914e+00 1.089658142879880998e-01
6.184914569237383475e+00 2.031988525563651615e-01
6.191056490358771036e+00 6.832592575150568670e-02
6.197198411480158597e+00 7.055851506564379816e-02
6.203340332601546159e+00 -2.570306753283561896e-03
6.209482253722933720e+00 -8.794498248879724367e-02
6.215624174844322170e+00 -1.685394948101138213e-01
6.221766095965709731e+00 -2.733260162301566765e-01
6.227908017087097292e+00 -4.470129152712948306e-01
6.234049938208484853e+00 -3.269844629214386789e-01
6.240191859329872415e+00 -6.580503575766730728e-01
6.246333780451259976e+00 -5.396667763915785621e-01
6.252475701572647537e+00 -5.690191296296571721e-01
6.258617622694035099e+00 -8.260257198420963842e-01
6.264759543815423548e+00 -7.531998412089334627e-01
6.270901464936811109e+00 -7.874668596864110581e-01
6.277043386058198671e+00 -9.470177894484320680e-01
6.283185307179586232e+00 -8.994258386342829370e-01
