0.000000000000000000e+00 1.983438831044141981e-01
6.141921121387669720e-03 1.549322385090437515e-03
1.228384224277533944e-02 -3.886858815370317771e-02
1.842576336416301003e-02 1.017830348416348119e-01
2.456768448555067888e-02 1.238427662637268389e-01
3.070960560693834773e-02 2.132562482890929534e-01
3.685152672832602005e-02 1.043055022925230696e-01
4.299344784971368544e-02 1.726749168029378667e-01
4.913536897110135776e-02 1.726485542447399046e-01
5.527729009248903008e-02 1.450487893098278136e-01
6.141921121387669547e-02 1.260746790614025725e-03
6.756113233526436779e-02 2.799705571983319152e-01
7.370305345665204011e-02 3.143590325434997279e-01
7.984497457803971243e-02 2.246245341567159881e-01
8.598689569942737088e-02 1.963427178579218446e-01
9.212881682081504320e-02 2.908085715586847253e-01
9.827073794220271552e-02 3.009099009111522172e-01
1.044126590635903878e-01 4.264272205042805575e-01
1.105545801849780602e-01 3.889223814664252155e-01
1.166965013063657186e-01 4.180982885620498912e-01
1.228384224277533909e-01 3.583865707540143108e-01
1.289803435491410633e-01 3.789498320880518301e-01
1.351222646705287356e-01 4.289912408787725506e-01
1.412641857919164079e-01 4.440126793721912990e-01
1.474061069133040802e-01 6.529637917628762223e-01
1.535480280346917525e-01 3.167589633184403342e-01
1.596899491560794249e-01 4.192941331178084430e-01
1.658318702774670694e-01 6.333200618462060394e-01
1.719737913988547418e-01 5.429212177076923052e-01
1.781157125202424141e-01 4.751682135915625271e-01
1.842576336416300864e-01 5.777014832551101708e-01
1.903995547630177587e-01 4.960697666076214762e-01
1.965414758844054310e-01 4.995098017959058723e-01
2.026833970057931034e-01 3.210891337100262866e-01
2.088253181271807757e-01 4.731360042065545501e-01
2.149672392485684480e-01 5.934281348503022135e-01
2.211091603699561203e-01 6.079371577979144625e-01
2.272510814913437927e-01 6.812588172849612933e-01
2.333930026127314372e-01 6.774908907416338222e-01
2.395349237341191095e-01 7.163725890545642461e-01
2.456768448555067819e-01 7.266128231563251383e-01
2.518187659768944542e-01 6.800863856403309704e-01
2.579606870982821265e-01 6.897232696524940865e-01
2.641026082196697988e-01 7.418700661628168103e-01
2.702445293410574712e-01 8.402103296090887019e-01
2.763864504624451435e-01 8.791989295762442369e-01
2.825283715838328158e-01 6.518229544857445656e-01
2.886702927052204881e-01 8.191324149178086378e-01
2.948122138266081604e-01 6.489038811267522355e-01
3.009541349479958328e-01 1.051788304299496657e+00
3.070960560693835051e-01 8.457784516694170085e-01
3.132379771907711774e-01 7.365592759198089645e-01
3.193798983121588497e-01 8.522706481674993118e-01
3.255218194335465220e-01 8.175841974713373705e-01
3.316637405549341389e-01 7.528060237860347836e-01
3.378056616763218112e-01 7.568365309736051483e-01
3.439475827977094835e-01 9.296914073739799278e-01
3.500895039190971558e-01 9.452821589904094601e-01
3.562314250404848281e-01 9.716714648730196968e-01
3.623733461618725005e-01 8.677159378050758320e-01
3.685152672832601728e-01 8.069556688893843033e-01
3.746571884046478451e-01 9.512415373165812316e-01
3.807991095260355174e-01 8.577631223134016825e-01
3.869410306474231898e-01 9.984102832464883948e-01
3.930829517688108621e-01 9.901367300632922808e-01
3.992248728901985344e-01 8.103120472078086944e-01
4.053667940115862067e-01 8.584850683174374275e-01
4.115087151329738790e-01 1.065364771523268583e+00
4.176506362543615514e-01 1.020943773602628335e+00
4.237925573757492237e-01 1.046858253233096780e+00
4.299344784971368960e-01 8.529323978912272120e-01
4.360763996185245683e-01 9.271740076021154353e-01
4.422183207399122407e-01 1.020168561577261768e+00
4.483602418612999130e-01 9.505852322455784487e-01
4.545021629826875853e-01 1.111299245264937063e+00
4.606440841040752021e-01 9.264073594896141683e-01
4.667860052254628744e-01 1.033009648174050943e+00
4.729279263468505468e-01 1.142305617474635993e+00
4.790698474682382191e-01 1.116317263960845629e+00
4.852117685896258914e-01 1.069038608729581785e+00
4.913536897110135637e-01 1.091575635549500545e+00
4.974956108324012360e-01 8.250572665363991032e-01
5.036375319537889084e-01 1.095807879893873293e+00
5.097794530751765807e-01 6.543494931213109655e-01
5.159213741965642530e-01 1.104896344015717791e+00
5.220632953179519253e-01 9.532260154593871215e-01
5.282052164393395977e-01 9.093364785832774855e-01
5.343471375607272700e-01 8.996805124624047689e-01
5.404890586821149423e-01 1.040136925138497759e+00
5.466309798035026146e-01 1.119498556947798429e+00
5.527729009248902869e-01 1.069265873573260750e+00
5.589148220462779593e-01 9.932208675914437901e-01
5.650567431676656316e-01 8.684853373792178477e-01
5.711986642890533039e-01 8.930507707941460760e-01
5.773405854104409762e-01 1.006923056318724807e+00
5.834825065318286486e-01 1.024321335943248812e+00
5.896244276532163209e-01 9.386514213261246686e-01
5.957663487746039932e-01 1.024388153242018928e+00
6.019082698959916655e-01 9.539427096661505789e-01
6.080501910173793378e-01 9.047419521487819472e-01
6.141921121387670102e-01 1.057288073934957939e+00
6.203340332601546825e-01 8.299284845795338317e-01
6.264759543815423548e-01 8.356581425998048651e-01
6.326178755029300271e-01 1.061107701957699545e+00
6.387597966243176995e-01 9.161900402845291058e-01
6.449017177457053718e-01 9.671742937807067397e-01
6.510436388670930441e-01 8.420347444939790815e-01
6.571855599884806054e-01 9.735252093468957924e-01
6.633274811098682777e-01 8.466211463383459535e-01
6.694694022312559500e-01 9.727006985710990872e-01
6.756113233526436224e-01 8.154452021131283201e-01
6.817532444740312947e-01 7.330332320075352293e-01
6.878951655954189670e-01 8.763378700462900461e-01
6.940370867168066393e-01 1.008708875230067914e+00
7.001790078381943117e-01 7.731471630236576020e-01
7.063209289595819840e-01 7.105035696013684010e-01
7.124628500809696563e-01 9.188948768521332244e-01
7.186047712023573286e-01 8.203571401132012664e-01
7.247466923237450009e-01 8.085590963924201846e-01
7.308886134451326733e-01 9.743703888191900253e-01
7.370305345665203456e-01 8.013068936189065017e-01
7.431724556879080179e-01 8.076297833636363332e-01
7.493143768092956902e-01 6.769887870033818311e-01
7.554562979306833626e-01 7.249395503179129063e-01
7.615982190520710349e-01 5.956137671777941289e-01
7.677401401734587072e-01 5.742427440776156633e-01
7.738820612948463795e-01 5.654634373713018913e-01
7.800239824162340518e-01 5.435864460242462171e-01
7.861659035376217242e-01 6.175447085057255148e-01
7.923078246590093965e-01 7.568678658378362734e-01
7.984497457803970688e-01 4.653609942662038090e-01
8.045916669017847411e-01 5.046010927338128171e-01
8.107335880231724135e-01 4.550623666049976035e-01
8.168755091445600858e-01 5.983839560117929501e-01
8.230174302659477581e-01 5.523086799094349963e-01
8.291593513873354304e-01 4.533361781488086661e-01
8.353012725087231027e-01 3.502140033716848455e-01
8.414431936301107751e-01 4.037195729785196252e-01
8.475851147514984474e-01 4.098039587764114033e-01
8.537270358728861197e-01 1.857980899169650590e-01
8.598689569942737920e-01 2.672559584702561275e-01
8.660108781156614643e-01 4.040635710707661254e-01
8.721527992370491367e-01 5.311418058305387158e-01
8.782947203584368090e-01 2.879424420175804022e-01
8.844366414798244813e-01 4.699773432365812464e-01
8.905785626012121536e-01 5.688183874142992424e-01
8.967204837225998260e-01 2.412722787902943367e-01
9.028624048439874983e-01 3.494705951037693215e-01
9.090043259653751706e-01 1.219558291009719408e-01
9.151462470867628429e-01 3.013423357992545126e-01
9.212881682081504042e-01 3.576539245136526324e-01
9.274300893295380765e-01 5.130910098320315416e-02
9.335720104509257489e-01 1.742224265274279760e-01
9.397139315723134212e-01 2.904784495386894538e-02
9.458558526937010935e-01 3.029066334108723169e-01
9.519977738150887658e-01 2.141832988649886582e-01
9.581396949364764382e-01 1.145866149739848683e-01
9.642816160578641105e-01 -1.555197135341578052e-02
9.704235371792517828e-01 1.069118052121814377e-01
9.765654583006394551e-01 1.291325490483467009e-01
9.827073794220271274e-01 1.361969341935768685e-01
9.888493005434147998e-01 2.685293345974910928e-02
9.949912216648024721e-01 1.701528707404096827e-02
1.001133142786190255e+00 3.471849582200290940e-01
1.007275063907577817e+00 8.451638750660001032e-02
1.013416985028965600e+00 -2.469441931148983610e-02
1.019558906150353161e+00 -1.070419689936834146e-01
1.025700827271740945e+00 -2.605914753237259518e-01
1.031842748393128506e+00 -2.716805722547424584e-02
1.037984669514516289e+00 -3.304066784327929218e-01
1.044126590635903851e+00 -1.709220138411080003e-01
1.050268511757291412e+00 -2.842090078060111047e-01
1.056410432878679195e+00 -3.499366910100876193e-01
1.062552354000066757e+00 -3.087305913866364993e-01
1.068694275121454540e+00 -1.790142054868988364e-01
1.074836196242842101e+00 -2.842882415377795402e-01
1.080978117364229885e+00 -4.488354522867233909e-01
1.087120038485617446e+00 -2.556512446116465109e-01
1.093261959607005229e+00 -2.873277932208898600e-01
1.099403880728392791e+00 -3.339112361758044267e-01
1.105545801849780574e+00 -2.528032924324107311e-01
1.111687722971168135e+00 -3.482006619953890159e-01
1.117829644092555919e+00 -3.822063490863447655e-01
1.123971565213943480e+00 -3.818280240761403044e-01
1.130113486335331263e+00 -3.204511301281118829e-01
1.136255407456718824e+00 -3.442508014490023305e-01
1.142397328578106608e+00 -4.336610072276578798e-01
1.148539249699494169e+00 -5.512295732838322637e-01
1.154681170820881952e+00 -5.322060164010626870e-01
1.160823091942269514e+00 -4.989010798480840170e-01
1.166965013063657297e+00 -4.901697417046326222e-01
1.173106934185044858e+00 -6.329038265374336003e-01
1.179248855306432642e+00 -4.278755981855601465e-01
1.185390776427820203e+00 -5.472951973123880709e-01
1.191532697549207986e+00 -4.735767623682826666e-01
1.197674618670595548e+00 -6.936526419763685558e-01
1.203816539791983331e+00 -5.393496459250592956e-01
1.209958460913370892e+00 -6.292742071541210791e-01
1.216100382034758676e+00 -7.680069608316314467e-01
1.222242303156146237e+00 -6.252578414680037833e-01
1.228384224277534020e+00 -6.914247738372238938e-01
1.234526145398921582e+00 -7.303852842135845069e-01
1.240668066520309365e+00 -8.994733113845847505e-01
1.246809987641696926e+00 -7.711728881556473292e-01
1.252951908763084710e+00 -8.606413322622827877e-01
1.259093829884472271e+00 -6.364033430361828447e-01
1.265235751005860054e+00 -6.072395239094813268e-01
1.271377672127247616e+00 -6.195782341908950830e-01
1.277519593248635399e+00 -6.715596103350471857e-01
1.283661514370022960e+00 -6.972149645173129073e-01
1.289803435491410744e+00 -7.431678172414950545e-01
1.295945356612798305e+00 -7.833694215883105771e-01
1.302087277734186088e+00 -8.443396320705434110e-01
1.308229198855573649e+00 -8.087732724958621722e-01
1.314371119976961211e+00 -9.089153751242009527e-01
1.320513041098348994e+00 -8.891588283250767555e-01
1.326654962219736555e+00 -8.717569986521123138e-01
1.332796883341124339e+00 -8.566959928229698207e-01
1.338938804462511900e+00 -9.316105982462803414e-01
1.345080725583899683e+00 -9.288208721257542599e-01
1.351222646705287245e+00 -9.993245684159774989e-01
1.357364567826675028e+00 -9.337699804707676465e-01
1.363506488948062589e+00 -9.522150774439325227e-01
1.369648410069450373e+00 -7.981234910116361547e-01
1.375790331190837934e+00 -8.232308861124091326e-01
1.381932252312225717e+00 -9.311859106356219495e-01
1.388074173433613279e+00 -8.955369055832099745e-01
1.394216094555001062e+00 -9.575989712097200401e-01
1.400358015676388623e+00 -8.778834963475740105e-01
1.406499936797776407e+00 -9.624434283185869798e-01
1.412641857919163968e+00 -8.620574553809936535e-01
1.418783779040551751e+00 -9.234976328723926153e-01
1.424925700161939313e+00 -9.744515066152648064e-01
1.431067621283327096e+00 -9.199876871883712059e-01
1.437209542404714657e+00 -8.831320200499446216e-01
1.443351463526102441e+00 -8.995693788754389741e-01
1.449493384647490002e+00 -1.068767042577299042e+00
1.455635305768877785e+00 -9.228676774366848523e-01
1.461777226890265347e+00 -9.675226421698217560e-01
1.467919148011653130e+00 -8.343983251995669148e-01
1.474061069133040691e+00 -1.101628354027831325e+00
1.480202990254428475e+00 -9.628627773898501552e-01
1.486344911375816036e+00 -9.834265331302780577e-01
1.492486832497203819e+00 -1.049268223623817109e+00
1.498628753618591380e+00 -9.419869700015122138e-01
1.504770674739979164e+00 -9.223765829392103210e-01
1.510912595861366725e+00 -1.058729061999035492e+00
1.517054516982754508e+00 -1.004645714955059832e+00
1.523196438104142070e+00 -8.789405593142355366e-01
1.529338359225529853e+00 -8.917117046762650379e-01
1.535480280346917414e+00 -1.025099710514766560e+00
1.541622201468305198e+00 -1.058356675822651027e+00
1.547764122589692759e+00 -1.160892762316994453e+00
1.553906043711080542e+00 -9.144872317263921246e-01
1.560047964832468104e+00 -8.528224965945490066e-01
1.566189885953855887e+00 -1.009676643872069679e+00
1.572331807075243448e+00 -1.078413948710628789e+00
1.578473728196631010e+00 -9.119633122717520912e-01
1.584615649318018793e+00 -1.042919109285724621e+00
1.590757570439406354e+00 -6.469987411930933074e-01
1.596899491560794138e+00 -8.431440221626784748e-01
1.603041412682181699e+00 -1.091778203277901982e+00
1.609183333803569482e+00 -7.895064854773210516e-01
1.615325254924957044e+00 -9.556930048485695606e-01
1.621467176046344827e+00 -8.371103808535318436e-01
1.627609097167732388e+00 -1.045733931605809852e+00
1.633751018289120172e+00 -8.428200620214335581e-01
1.639892939410507733e+00 -9.981389510156505329e-01
1.646034860531895516e+00 -8.833479077177857075e-01
1.652176781653283077e+00 -8.899647649558883877e-01
1.658318702774670861e+00 -8.288418149120256873e-01
1.664460623896058422e+00 -8.967116038769714637e-01
1.670602545017446205e+00 -9.302180881278113711e-01
1.676744466138833767e+00 -1.003363935133564810e+00
1.682886387260221550e+00 -9.120577349530252231e-01
1.689028308381609111e+00 -9.823464670279625777e-01
1.695170229502996895e+00 -9.782567635070671397e-01
1.701312150624384456e+00 -6.327650188320459446e-01
1.707454071745772239e+00 -6.604696260411561104e-01
1.713595992867159801e+00 -8.586511911464129732e-01
1.719737913988547584e+00 -6.246985913916607291e-01
1.725879835109935145e+00 -5.738416559479242451e-01
1.732021756231322929e+00 -5.864396029378353692e-01
1.738163677352710490e+00 -7.351565834607495242e-01
1.744305598474098273e+00 -6.761158200688452968e-01
1.750447519595485835e+00 -8.421919714650901723e-01
1.756589440716873618e+00 -7.804078471971744868e-01
1.762731361838261179e+00 -5.776324828753287566e-01
1.768873282959648963e+00 -4.685128031107068658e-01
1.775015204081036524e+00 -4.841141154780064237e-01
1.781157125202424307e+00 -5.213381085475961019e-01
1.787299046323811869e+00 -5.841488817249015364e-01
1.793440967445199652e+00 -4.235509677636076775e-01
1.799582888566587213e+00 -5.636406038050324474e-01
1.805724809687974997e+00 -4.426673787718070630e-01
1.811866730809362558e+00 -7.651961202085096891e-01
1.818008651930750341e+00 -6.706287581892698135e-01
1.824150573052137903e+00 -8.022385672817199387e-01
1.830292494173525686e+00 -5.205665995736180607e-01
1.836434415294913247e+00 -3.366925931115020143e-01
1.842576336416300808e+00 -4.602295984292999464e-01
1.848718257537688592e+00 -3.973720379070274089e-01
1.854860178659076153e+00 -4.446262406899572084e-01
1.861002099780463936e+00 -3.714156295347044168e-01
1.867144020901851498e+00 -5.436217138740214727e-01
1.873285942023239281e+00 -4.622798486684154273e-01
1.879427863144626842e+00 -3.687200268701487094e-01
1.885569784266014626e+00 -3.485556595185893003e-01
1.891711705387402187e+00 -2.965873775510778909e-01
1.897853626508789970e+00 -1.984817895141201272e-01
1.903995547630177532e+00 -1.870767987856827852e-01
1.910137468751565315e+00 -4.037447417240859204e-01
1.916279389872952876e+00 -1.609876025090307416e-01
1.922421310994340660e+00 -2.247894314839217755e-01
1.928563232115728221e+00 -2.033872158392929508e-01
1.934705153237116004e+00 -2.374038364140654833e-01
1.940847074358503566e+00 -2.633481256446747465e-01
1.946988995479891349e+00 4.924997052567464673e-03
1.953130916601278910e+00 1.770998603754683764e-02
1.959272837722666694e+00 -2.942237034056223444e-02
1.965414758844054255e+00 -1.145035289694616709e-01
1.971556679965442038e+00 -2.796326784508228885e-02
1.977698601086829600e+00 -2.323172456247218909e-03
1.983840522208217383e+00 -1.938883116776542459e-01
1.989982443329604944e+00 -2.172237905854564888e-01
1.996124364450992728e+00 -1.837158656121527095e-02
2.002266285572380511e+00 4.616561032711839763e-02
2.008408206693768072e+00 8.245414104137571698e-02
2.014550127815155633e+00 6.173243154764193608e-02
2.020692048936543195e+00 -4.026882724295686999e-02
2.026833970057931200e+00 -2.616794742850812872e-02
2.032975891179318761e+00 1.807960110899600459e-01
2.039117812300706323e+00 4.154085036384032315e-02
2.045259733422093884e+00 2.144813053863710572e-01
2.051401654543481889e+00 9.909230767428418851e-02
2.057543575664869451e+00 2.041880757364363808e-01
2.063685496786257012e+00 2.357641198125068616e-01
2.069827417907644573e+00 1.683807369924288366e-01
2.075969339029032579e+00 2.683940799077669248e-01
2.082111260150420140e+00 2.431746660771408053e-01
2.088253181271807701e+00 1.367520185588685377e-01
2.094395102393195263e+00 4.601092460599249256e-01
2.100537023514582824e+00 3.870483826940010474e-01
2.106678944635970829e+00 1.918300979268849626e-01
2.112820865757358391e+00 4.433011254481371011e-01
2.118962786878745952e+00 1.971555053581124928e-01
2.125104708000133513e+00 4.034880308102239965e-01
2.131246629121521519e+00 4.191426626168762160e-01
2.137388550242909080e+00 4.322361789931222775e-01
2.143530471364296641e+00 3.049918975811730659e-01
2.149672392485684203e+00 6.150542117949456822e-01
2.155814313607072208e+00 4.822359271717641116e-01
2.161956234728459769e+00 4.226647616483707459e-01
2.168098155849847331e+00 6.578697656431694574e-01
2.174240076971234892e+00 7.148183842650842612e-01
2.180381998092622897e+00 5.511491100449024128e-01
2.186523919214010458e+00 4.610520396108083729e-01
2.192665840335398020e+00 7.275198663428522616e-01
2.198807761456785581e+00 3.979333051769081697e-01
2.204949682578173586e+00 6.259735288423687871e-01
2.211091603699561148e+00 6.105997328361959520e-01
2.217233524820948709e+00 4.864298355352879022e-01
2.223375445942336270e+00 8.028229079790719647e-01
2.229517367063724276e+00 7.279339160324691527e-01
2.235659288185111837e+00 6.582610348367163855e-01
2.241801209306499398e+00 7.787095259913390244e-01
2.247943130427886960e+00 8.588298714008525403e-01
2.254085051549274965e+00 6.675590324929875363e-01
2.260226972670662526e+00 7.171739547063517017e-01
2.266368893792050088e+00 7.180460573130684754e-01
2.272510814913437649e+00 8.214810379557836439e-01
2.278652736034825654e+00 8.491038601808101882e-01
2.284794657156213216e+00 7.296226753201274784e-01
2.290936578277600777e+00 6.023057968777004723e-01
2.297078499398988338e+00 7.904301446808666975e-01
2.303220420520376344e+00 7.635958355169071288e-01
2.309362341641763905e+00 8.068022268631236393e-01
2.315504262763151466e+00 8.004136762838027774e-01
2.321646183884539028e+00 7.415438950213690816e-01
2.327788105005927033e+00 9.154290688870220238e-01
2.333930026127314594e+00 7.453725319103131630e-01
2.340071947248702156e+00 9.204462273260876071e-01
2.346213868370089717e+00 8.527137317902162561e-01
2.352355789491477722e+00 8.837315373180478772e-01
2.358497710612865284e+00 1.032891739046018387e+00
2.364639631734252845e+00 8.052822504416292659e-01
2.370781552855640406e+00 7.577236498465091952e-01
2.376923473977027967e+00 1.049096131401732857e+00
2.383065395098415973e+00 9.027558221072742306e-01
2.389207316219803534e+00 8.644761254290277419e-01
2.395349237341191095e+00 1.003183527760999727e+00
2.401491158462578657e+00 1.032679002810667823e+00
2.407633079583966662e+00 9.499006741150674005e-01
2.413775000705354223e+00 8.617958780096234284e-01
2.419916921826741785e+00 8.864157678563638898e-01
2.426058842948129346e+00 1.092021982402611613e+00
2.432200764069517351e+00 9.803897662219823728e-01
2.438342685190904913e+00 1.002558813058816556e+00
2.444484606312292474e+00 9.773425586032047363e-01
2.450626527433680035e+00 7.854937357599930392e-01
2.456768448555068041e+00 9.971024866863018588e-01
2.462910369676455602e+00 1.024044993278516502e+00
2.469052290797843163e+00 1.077525954401838959e+00
2.475194211919230725e+00 9.587732831250188603e-01
2.481336133040618730e+00 1.032123752346280288e+00
2.487478054162006291e+00 1.221079000730162401e+00
2.493619975283393853e+00 1.016605094598887815e+00
2.499761896404781414e+00 8.793985296663134887e-01
2.505903817526169419e+00 1.116219813125124860e+00
2.512045738647556981e+00 8.558432875430794784e-01
2.518187659768944542e+00 1.079602824110222903e+00
2.524329580890332103e+00 1.047152089731900659e+00
2.530471502011720109e+00 1.126142617529953815e+00
2.536613423133107670e+00 1.005578378691343033e+00
2.542755344254495231e+00 1.003159984059885046e+00
2.548897265375882792e+00 1.016373052429862645e+00
2.555039186497270798e+00 1.103389998402784178e+00
2.561181107618658359e+00 7.548171907061658192e-01
2.567323028740045920e+00 9.594562961094753595e-01
2.573464949861433482e+00 9.038063060830654472e-01
2.579606870982821487e+00 7.859485381568879214e-01
2.585748792104209048e+00 9.081304629828284014e-01
2.591890713225596610e+00 1.112368427294162299e+00
2.598032634346984171e+00 7.928123527086827771e-01
2.604174555468372176e+00 9.556861569598139594e-01
2.610316476589759738e+00 1.037555271448143523e+00
2.616458397711147299e+00 1.008598758621207736e+00
2.622600318832534860e+00 8.573008533304182777e-01
2.628742239953922422e+00 8.792399744367099812e-01
2.634884161075310427e+00 7.701124665441644312e-01
2.641026082196697988e+00 9.257842815335385334e-01
2.647168003318085550e+00 8.619740041663156438e-01
2.653309924439473111e+00 8.628934237034613375e-01
2.659451845560861116e+00 5.732455703756069720e-01
2.665593766682248678e+00 8.089217536214389215e-01
2.671735687803636239e+00 7.595499988305334238e-01
2.677877608925023800e+00 8.730679862836431271e-01
2.684019530046411806e+00 7.919189028817410492e-01
2.690161451167799367e+00 8.258704559207588058e-01
2.696303372289186928e+00 8.712395706569107112e-01
2.702445293410574489e+00 6.944443882326157835e-01
2.708587214531962495e+00 7.778976042704268679e-01
2.714729135653350056e+00 8.882513707832604410e-01
2.720871056774737617e+00 7.516479492704052356e-01
2.727012977896125179e+00 6.631261985763095002e-01
2.733154899017513184e+00 7.755517666401784416e-01
2.739296820138900745e+00 7.070551294079572280e-01
2.745438741260288307e+00 8.317757449034222095e-01
2.751580662381675868e+00 7.086922722178318201e-01
2.757722583503063873e+00 9.324554213119333745e-01
2.763864504624451435e+00 8.248860790162716450e-01
2.770006425745838996e+00 6.528871572283158065e-01
2.776148346867226557e+00 8.675357329275769080e-01
2.782290267988614563e+00 8.187473719383191462e-01
2.788432189110002124e+00 8.394832474537706757e-01
2.794574110231389685e+00 4.094817285115648353e-01
2.800716031352777247e+00 5.754344196691008051e-01
2.806857952474165252e+00 3.816821327118927742e-01
2.812999873595552813e+00 4.916266392290931653e-01
2.819141794716940375e+00 6.255413802476194052e-01
2.825283715838327936e+00 5.313401424445538535e-01
2.831425636959715941e+00 5.408641438904991938e-01
2.837567558081103503e+00 4.746905029141779142e-01
2.843709479202491064e+00 5.285607635682173511e-01
2.849851400323878625e+00 5.041996902114012080e-01
2.855993321445266631e+00 4.003860009007182974e-01
2.862135242566654192e+00 4.856406073058802120e-01
2.868277163688041753e+00 3.948372761696151700e-01
2.874419084809429314e+00 3.614427744402884946e-01
2.880561005930817320e+00 2.269102490722830212e-01
2.886702927052204881e+00 3.636801041655231548e-01
2.892844848173592442e+00 3.491691799339746716e-01
2.898986769294980004e+00 2.725118144342923987e-01
2.905128690416367565e+00 2.747158816049452001e-01
2.911270611537755570e+00 2.408745979162590090e-01
2.917412532659143132e+00 2.834780568873310203e-01
2.923554453780530693e+00 2.079333004423135067e-01
2.929696374901918254e+00 2.039675746407088319e-01
2.935838296023306260e+00 1.661434019138522400e-01
2.941980217144693821e+00 2.083415784265044701e-01
2.948122138266081382e+00 5.751560786124981783e-02
2.954264059387468944e+00 2.220242524175635723e-01
2.960405980508856949e+00 3.664657232481041693e-02
2.966547901630244510e+00 1.790631039967034988e-01
2.972689822751632072e+00 -7.304471485144076182e-02
2.978831743873019633e+00 1.778275688020657108e-01
2.984973664994407638e+00 1.023247348335289547e-01
2.991115586115795200e+00 -6.534236103877427704e-02
2.997257507237182761e+00 4.756089172989322322e-02
3.003399428358570322e+00 3.761516592808367143e-02
3.009541349479958328e+00 -6.189030664224262623e-02
3.015683270601345889e+00 7.072139769819842103e-02
3.021825191722733450e+00 -2.140891979820546409e-01
3.027967112844121012e+00 -3.759607837522077611e-03
3.034109033965509017e+00 -2.151250726612918274e-01
3.040250955086896578e+00 -2.522649392174740324e-02
3.046392876208284139e+00 -2.327012075710985228e-01
3.052534797329671701e+00 -2.446171716290875819e-01
3.058676718451059706e+00 -1.684205265268844953e-01
3.064818639572447267e+00 -1.086044783197925301e-01
3.070960560693834829e+00 -1.729008464525332855e-01
3.077102481815222390e+00 -4.101025777946898376e-01
3.083244402936610395e+00 -2.152925469559178184e-01
3.089386324057997957e+00 -1.958051386132448612e-01
3.095528245179385518e+00 -3.481226723181375937e-01
3.101670166300773079e+00 -2.704683450892956809e-01
3.107812087422161085e+00 -2.365833216341860501e-01
3.113954008543548646e+00 -3.173870178978506207e-01
3.120095929664936207e+00 -3.128328350270953573e-01
3.126237850786323769e+00 -4.017627049721636534e-01
3.132379771907711774e+00 -4.916317260731283278e-01
3.138521693029099335e+00 -5.435283401443946616e-01
3.144663614150486897e+00 -3.593596866420348812e-01
3.150805535271874458e+00 -6.894257034541033669e-01
3.156947456393262019e+00 -4.261211173057546375e-01
3.163089377514650025e+00 -4.489646861259917743e-01
3.169231298636037586e+00 -4.228160996050402964e-01
3.175373219757425147e+00 -4.109786742624854661e-01
3.181515140878812709e+00 -4.138291669203745249e-01
3.187657062000200714e+00 -5.487346786356259720e-01
3.193798983121588275e+00 -4.653669727875688888e-01
3.199940904242975837e+00 -6.512633566256590401e-01
3.206082825364363398e+00 -5.670635784733379925e-01
3.212224746485751403e+00 -6.048115387982361257e-01
3.218366667607138965e+00 -4.502096465372805723e-01
3.224508588728526526e+00 -6.095875162196792152e-01
3.230650509849914087e+00 -6.645747460899168457e-01
3.236792430971302093e+00 -6.021033280375716057e-01
3.242934352092689654e+00 -8.002336471601904089e-01
3.249076273214077215e+00 -5.168975301184821625e-01
3.255218194335464776e+00 -5.194376188888080170e-01
3.261360115456852782e+00 -8.237606946841186106e-01
3.267502036578240343e+00 -8.965867475550786114e-01
3.273643957699627904e+00 -6.783449506268173224e-01
3.279785878821015466e+00 -8.006525868774809762e-01
3.285927799942403471e+00 -7.275662258252754144e-01
3.292069721063791032e+00 -8.509085495108872355e-01
3.298211642185178594e+00 -7.678917111330795242e-01
3.304353563306566155e+00 -7.078776445781258531e-01
3.310495484427954160e+00 -7.775291582389738387e-01
3.316637405549341722e+00 -8.665415848887414452e-01
3.322779326670729283e+00 -9.212895162371702584e-01
3.328921247792116844e+00 -8.876614238760235365e-01
3.335063168913504850e+00 -9.180878183287271010e-01
3.341205090034892411e+00 -8.507540801500568239e-01
3.347347011156279972e+00 -8.327020256049862956e-01
3.353488932277667534e+00 -8.600112912977628810e-01
3.359630853399055539e+00 -9.293270766095951263e-01
3.365772774520443100e+00 -1.041534328464054804e+00
3.371914695641830662e+00 -9.455305779820162293e-01
3.378056616763218223e+00 -9.235800754730596474e-01
3.384198537884606228e+00 -7.939393405395998027e-01
3.390340459005993790e+00 -9.526338361957684686e-01
3.396482380127381351e+00 -9.370029152304553133e-01
3.402624301248768912e+00 -9.590455460403516375e-01
3.408766222370156473e+00 -8.262570956642547593e-01
3.414908143491544479e+00 -1.012124783143982354e+00
3.421050064612932040e+00 -9.830154510385309408e-01
3.427191985734319601e+00 -1.026807383857563538e+00
3.433333906855707163e+00 -1.045426042531880206e+00
3.439475827977095168e+00 -8.952716578338869580e-01
3.445617749098482729e+00 -9.690288132115804087e-01
3.451759670219870291e+00 -1.069900159714945787e+00
3.457901591341257852e+00 -1.129835809607547370e+00
3.464043512462645857e+00 -1.056988842025732289e+00
3.470185433584033419e+00 -9.299634396484434129e-01
3.476327354705420980e+00 -1.199719530586364158e+00
3.482469275826808541e+00 -1.071329321543654789e+00
3.488611196948196547e+00 -9.026171492092401882e-01
3.494753118069584108e+00 -1.107469623726321739e+00
3.500895039190971669e+00 -1.149813739324263340e+00
3.507036960312359231e+00 -1.086561762143069876e+00
3.513178881433747236e+00 -1.121967839631305308e+00
3.519320802555134797e+00 -1.086341068908539320e+00
3.525462723676522359e+00 -1.098409023680760876e+00
3.531604644797909920e+00 -8.685558493850694672e-01
3.537746565919297925e+00 -1.164919516143357425e+00
3.543888487040685487e+00 -8.681996940059713008e-01
3.550030408162073048e+00 -1.164399530975124053e+00
3.556172329283460609e+00 -1.056466719140492172e+00
3.562314250404848615e+00 -1.091612139861903863e+00
3.568456171526236176e+00 -7.818756889637528129e-01
3.574598092647623737e+00 -9.752863569987488823e-01
3.580740013769011298e+00 -9.397514113054163953e-01
3.586881934890399304e+00 -8.698572801635157115e-01
3.593023856011786865e+00 -1.072802657293809414e+00
3.599165777133174426e+00 -1.027639140615450142e+00
3.605307698254561988e+00 -8.935459193123211907e-01
3.611449619375949993e+00 -8.876057789511769824e-01
3.617591540497337554e+00 -1.037367945868411967e+00
3.623733461618725116e+00 -1.098515017062012822e+00
3.629875382740112677e+00 -9.103691366347155256e-01
3.636017303861500682e+00 -9.802583293070534776e-01
3.642159224982888244e+00 -9.855996373882772721e-01
3.648301146104275805e+00 -9.164356534123282438e-01
3.654443067225663366e+00 -6.246555629536163501e-01
3.660584988347051372e+00 -9.820419567569136365e-01
3.666726909468438933e+00 -7.108376708223417273e-01
3.672868830589826494e+00 -1.060668622960685870e+00
3.679010751711214056e+00 -7.213968686166829514e-01
3.685152672832601617e+00 -8.763698761089911971e-01
3.691294593953989622e+00 -9.667971773667771718e-01
3.697436515075377184e+00 -7.363465585183601725e-01
3.703578436196764745e+00 -5.807888712872250059e-01
3.709720357318152306e+00 -8.891653788757194476e-01
3.715862278439540312e+00 -8.453527649110900155e-01
3.722004199560927873e+00 -6.537499713045307193e-01
3.728146120682315434e+00 -6.918400828521350521e-01
3.734288041803702995e+00 -6.576833418915208895e-01
3.740429962925091001e+00 -8.248832575470501638e-01
3.746571884046478562e+00 -7.224740330590130322e-01
3.752713805167866123e+00 -5.954261324375177411e-01
3.758855726289253685e+00 -5.827807023631693673e-01
3.764997647410641690e+00 -5.580179719530775628e-01
3.771139568532029251e+00 -9.344596822081434606e-01
3.777281489653416813e+00 -7.095496776193089827e-01
3.783423410774804374e+00 -5.928785322841694239e-01
3.789565331896192379e+00 -8.081637679684283704e-01
3.795707253017579941e+00 -4.679799980590285124e-01
3.801849174138967502e+00 -5.627842067730065567e-01
3.807991095260355063e+00 -5.261578246770726164e-01
3.814133016381743069e+00 -7.470604105917851845e-01
3.820274937503130630e+00 -3.277561637835678665e-01
3.826416858624518191e+00 -5.414953395130562841e-01
3.832558779745905753e+00 -4.135375280714709278e-01
3.838700700867293758e+00 -5.977102852067054384e-01
3.844842621988681319e+00 -4.141610554272222022e-01
3.850984543110068881e+00 -4.827401694661295206e-01
3.857126464231456442e+00 -4.826851817157391533e-01
3.863268385352844447e+00 -3.088087633665588250e-01
3.869410306474232009e+00 -5.284882105721273593e-01
3.875552227595619570e+00 -3.578900668884583691e-01
3.881694148717007131e+00 -2.986274680094971323e-01
3.887836069838395137e+00 -3.643665719897764554e-01
3.893977990959782698e+00 -3.967088508203496788e-01
3.900119912081170259e+00 -2.842432205992292404e-01
3.906261833202557820e+00 -2.606256243777114734e-01
3.912403754323945826e+00 -4.030935831647600720e-01
3.918545675445333387e+00 -2.595248812780631686e-01
3.924687596566720948e+00 -1.826501079175428532e-01
3.930829517688108510e+00 -1.578015391345533591e-01
3.936971438809496071e+00 -2.750570778354641255e-01
3.943113359930884076e+00 -2.300383101912908956e-01
3.949255281052271638e+00 -2.671549456676369227e-01
3.955397202173659199e+00 -1.544497668105548338e-01
3.961539123295046760e+00 -2.620448163596784119e-01
3.967681044416434766e+00 -1.334598594308306074e-01
3.973822965537822327e+00 -1.151025826045785488e-01
3.979964886659209888e+00 5.964035117104116157e-02
3.986106807780597450e+00 -1.710463673368510795e-01
3.992248728901985455e+00 -8.604922198225296859e-02
3.998390650023373016e+00 -5.712910588387173048e-03
4.004532571144761022e+00 4.935224531532005771e-02
4.010674492266148583e+00 4.551169581514236118e-02
4.016816413387536144e+00 3.850359468338600960e-02
4.022958334508923706e+00 -7.372787922176686493e-02
4.029100255630311267e+00 3.337913111210284722e-02
4.035242176751698828e+00 2.731280551853038641e-01
4.041384097873086390e+00 9.384670542170618635e-02
4.047526018994473951e+00 4.043676399186194037e-02
4.053667940115862400e+00 3.231715706589539105e-01
4.059809861237249962e+00 1.808869859219580101e-01
4.065951782358637523e+00 3.027947856226400059e-01
4.072093703480025084e+00 1.206575840719996684e-01
4.078235624601412646e+00 1.448235903244405320e-01
4.084377545722800207e+00 2.577236759223442975e-01
4.090519466844187768e+00 4.256593963144367221e-01
4.096661387965575329e+00 2.980863001308918792e-01
4.102803309086963779e+00 2.631372437756435700e-01
4.108945230208351340e+00 4.772156166686775669e-01
4.115087151329738901e+00 3.041258127835463343e-01
4.121229072451126463e+00 3.942060032717527585e-01
4.127370993572514024e+00 4.122481258246069036e-01
4.133512914693901585e+00 3.785017441788487980e-01
4.139654835815289147e+00 5.878012854049824432e-01
4.145796756936676708e+00 5.416911134659297966e-01
4.151938678058065157e+00 3.318736123490443335e-01
4.158080599179452719e+00 4.515466966963109785e-01
4.164222520300840280e+00 4.158406752177546961e-01
4.170364441422227841e+00 4.494184496371101956e-01
4.176506362543615403e+00 2.415758612655342086e-01
4.182648283665002964e+00 4.297959979729432667e-01
4.188790204786390525e+00 5.065355471535193388e-01
4.194932125907778087e+00 4.660014270437656259e-01
4.201074047029165648e+00 5.751504187982126037e-01
4.207215968150554097e+00 7.368861782728758358e-01
4.213357889271941659e+00 4.894630217827588559e-01
4.219499810393329220e+00 6.492712619803060470e-01
4.225641731514716781e+00 7.031875821107140823e-01
4.231783652636104343e+00 6.819900511113332620e-01
4.237925573757491904e+00 7.035225469726238412e-01
4.244067494878879465e+00 8.945226753830612942e-01
4.250209416000267026e+00 7.446101096125430363e-01
4.256351337121655476e+00 7.698054486383215655e-01
4.262493258243043037e+00 6.888453068343147745e-01
4.268635179364430599e+00 7.166308284482673097e-01
4.274777100485818160e+00 7.784148244900037650e-01
4.280919021607205721e+00 9.167058395767715417e-01
4.287060942728593282e+00 8.673010678106465310e-01
4.293202863849980844e+00 8.643739750136607558e-01
4.299344784971368405e+00 7.019441084273483344e-01
4.305486706092756855e+00 8.382493682859361028e-01
4.311628627214144416e+00 7.519931064825610134e-01
4.317770548335531977e+00 7.691931886490536163e-01
4.323912469456919538e+00 9.962733519995004006e-01
4.330054390578307100e+00 7.792083516076122596e-01
4.336196311699694661e+00 8.877982151099600427e-01
4.342338232821082222e+00 8.833761950762920589e-01
4.348480153942469784e+00 9.355648463184518260e-01
4.354622075063858233e+00 1.056699034340745857e+00
4.360763996185245794e+00 9.331401481301936363e-01
4.366905917306633356e+00 9.745355754846047880e-01
4.373047838428020917e+00 8.941660560784241429e-01
4.379189759549408478e+00 7.409103954040248130e-01
4.385331680670796040e+00 8.289709780674734407e-01
4.391473601792183601e+00 8.576229995074658996e-01
4.397615522913571162e+00 9.337081780337883608e-01
4.403757444034959612e+00 9.347966522819032287e-01
4.409899365156347173e+00 8.667445112865977963e-01
4.416041286277734734e+00 1.165707834613022520e+00
4.422183207399122296e+00 1.024182278580014760e+00
4.428325128520509857e+00 8.314219169834939915e-01
4.434467049641897418e+00 7.526624825284682352e-01
4.440608970763284979e+00 8.721187342625491556e-01
4.446750891884672541e+00 9.493864026114307020e-01
4.452892813006060990e+00 1.203465514787260826e+00
4.459034734127448552e+00 9.552469377122887462e-01
4.465176655248836113e+00 9.082148109286634075e-01
4.471318576370223674e+00 1.107214967897515168e+00
4.477460497491611235e+00 1.130772845361015078e+00
4.483602418612998797e+00 9.342666779260984100e-01
4.489744339734386358e+00 9.375126688598669489e-01
4.495886260855773919e+00 9.544075784635198678e-01
4.502028181977161481e+00 9.993680821282959759e-01
4.508170103098549930e+00 9.755526719145141135e-01
4.514312024219937491e+00 9.496535671810739654e-01
4.520453945341325053e+00 6.697207976898286175e-01
4.526595866462712614e+00 9.036543159389419655e-01
4.532737787584100175e+00 1.054060374104834663e+00
4.538879708705487737e+00 9.528385625165423090e-01
4.545021629826875298e+00 9.386810659730895345e-01
4.551163550948262859e+00 9.257899848323776215e-01
4.557305472069651309e+00 9.720208345585135135e-01
4.563447393191038870e+00 9.237109423663469876e-01
4.569589314312426431e+00 1.178388969845479473e+00
4.575731235433813993e+00 8.501109618004299984e-01
4.581873156555201554e+00 1.089468630471290833e+00
4.588015077676589115e+00 1.029977748556376138e+00
4.594156998797976676e+00 9.136778673156397135e-01
4.600298919919364238e+00 9.888409566475615531e-01
4.606440841040752687e+00 8.863134106717589500e-01
4.612582762162140249e+00 8.138189051757356296e-01
4.618724683283527810e+00 8.186480405706877406e-01
4.624866604404915371e+00 9.404321344760171453e-01
4.631008525526302932e+00 8.376513063624102529e-01
4.637150446647690494e+00 9.592954079837859860e-01
4.643292367769078055e+00 1.108437621897656822e+00
4.649434288890465616e+00 8.097500305372120621e-01
4.655576210011854066e+00 1.052979530825203902e+00
4.661718131133241627e+00 9.493103189264033848e-01
4.667860052254629188e+00 9.518398615051898437e-01
4.674001973376016750e+00 9.516992469591213366e-01
4.680143894497404311e+00 8.839930879695890864e-01
4.686285815618791872e+00 7.388103243336805459e-01
4.692427736740179434e+00 8.656577620728764799e-01
4.698569657861566995e+00 8.197167018687321338e-01
4.704711578982955444e+00 8.775242214878019587e-01
4.710853500104343006e+00 5.284974788330051299e-01
4.716995421225730567e+00 9.648984985410846704e-01
4.723137342347118128e+00 9.848713751153190810e-01
4.729279263468505690e+00 7.681209671026655306e-01
4.735421184589893251e+00 7.611035126493090885e-01
4.741563105711280812e+00 7.459543515528426205e-01
4.747705026832668374e+00 5.194328475876468509e-01
4.753846947954055935e+00 5.868232891129819828e-01
4.759988869075444384e+00 8.032694470825163524e-01
4.766130790196831946e+00 8.083929263386804287e-01
4.772272711318219507e+00 6.538277514216077613e-01
4.778414632439607068e+00 6.954948435465542200e-01
4.784556553560994629e+00 7.871146543925893191e-01
4.790698474682382191e+00 4.518901609723241508e-01
4.796840395803769752e+00 6.004252742358445749e-01
4.802982316925157313e+00 8.709352592057271192e-01
4.809124238046545763e+00 4.859365334624509147e-01
4.815266159167933324e+00 7.054481687041058713e-01
4.821408080289320885e+00 3.874639083363764502e-01
4.827550001410708447e+00 5.351768157104377366e-01
4.833691922532096008e+00 4.385103416463104198e-01
4.839833843653483569e+00 4.163785399918116248e-01
4.845975764774871131e+00 3.259341194529574715e-01
4.852117685896258692e+00 4.779394419879147704e-01
4.858259607017647141e+00 2.886708393745955892e-01
4.864401528139034703e+00 4.565267463018048977e-01
4.870543449260422264e+00 4.615511154233356006e-01
4.876685370381809825e+00 3.672223829146775143e-01
4.882827291503197387e+00 3.836521404472959529e-01
4.888969212624584948e+00 5.371788302937515747e-01
4.895111133745972509e+00 3.066888820794706483e-01
4.901253054867360071e+00 4.158581708188258119e-01
4.907394975988748520e+00 4.112495284341330937e-01
4.913536897110136081e+00 3.141376469459322140e-01
4.919678818231523643e+00 3.271620751060023702e-01
4.925820739352911204e+00 1.810871489970911075e-01
4.931962660474298765e+00 1.958584416488801105e-01
4.938104581595686327e+00 2.279007139920574687e-03
4.944246502717073888e+00 1.809413741333562031e-01
4.950388423838461449e+00 1.647139473540289722e-01
4.956530344959849899e+00 -8.796560896973670829e-02
4.962672266081237460e+00 2.098866853954660661e-01
4.968814187202625021e+00 2.490269299076476595e-02
4.974956108324012583e+00 -5.437970461259186705e-02
4.981098029445400144e+00 -2.895735175077270712e-02
4.987239950566787705e+00 4.977971909672895823e-02
4.993381871688175266e+00 1.145824477751336556e-01
4.999523792809562828e+00 1.334498907772910248e-02
5.005665713930950389e+00 9.670278627469101884e-02
5.011807635052338838e+00 -1.627064824037760538e-01
5.017949556173726400e+00 -1.303340938679902195e-01
5.024091477295113961e+00 -1.467498346057388436e-01
5.030233398416501522e+00 -1.799138060484267720e-01
5.036375319537889084e+00 -2.288304014074155068e-01
5.042517240659276645e+00 -1.698186865089580111e-01
5.048659161780664206e+00 -8.339451510534459655e-02
5.054801082902051768e+00 -2.478823042286629752e-01
5.060943004023440217e+00 3.087390906748932462e-02
5.067084925144827778e+00 -1.918101900109273061e-01
5.073226846266215340e+00 -1.030557108138471789e-01
5.079368767387602901e+00 -4.339254458567487482e-01
5.085510688508990462e+00 -1.744819558675158588e-01
5.091652609630378024e+00 -4.030783006982671668e-01
5.097794530751765585e+00 -2.637750677904818208e-01
5.103936451873153146e+00 -2.645734867539560331e-01
5.110078372994541596e+00 -3.151955883706091810e-01
5.116220294115929157e+00 -4.023990942360092804e-01
5.122362215237316718e+00 -2.429387477533798134e-01
5.128504136358704280e+00 -3.740728525689021589e-01
5.134646057480091841e+00 -4.792963620424874893e-01
5.140787978601479402e+00 -5.560531337846463806e-01
5.146929899722866963e+00 -3.416683056890739700e-01
5.153071820844254525e+00 -4.869467180173594478e-01
5.159213741965642974e+00 -4.062524940732733514e-01
5.165355663087030536e+00 -5.979779078538690618e-01
5.171497584208418097e+00 -3.411628991920746534e-01
5.177639505329805658e+00 -5.736697571785389638e-01
5.183781426451193219e+00 -4.210429354156096649e-01
5.189923347572580781e+00 -4.289444710515050163e-01
5.196065268693968342e+00 -5.773183502310743620e-01
5.202207189815355903e+00 -5.423459558723141560e-01
5.208349110936744353e+00 -4.456289437968661837e-01
5.214491032058131914e+00 -6.082668579766296046e-01
5.220632953179519475e+00 -6.101741311719581784e-01
5.226774874300907037e+00 -5.128801995182529216e-01
5.232916795422294598e+00 -7.092780389890155357e-01
5.239058716543682159e+00 -7.163050184588570790e-01
5.245200637665069721e+00 -6.403069221493925545e-01
5.251342558786457282e+00 -8.698400941100201678e-01
5.257484479907844843e+00 -6.261424926942766866e-01
5.263626401029233293e+00 -8.656166554418435188e-01
5.269768322150620854e+00 -9.299991152738610323e-01
5.275910243272008415e+00 -6.685103169306061410e-01
5.282052164393395977e+00 -7.986813748274389502e-01
5.288194085514783538e+00 -7.646752724638791188e-01
5.294336006636171099e+00 -6.861361832886956336e-01
5.300477927757558660e+00 -8.481712473077683834e-01
5.306619848878946222e+00 -9.537550348080630069e-01
5.312761770000334671e+00 -7.525234159556573044e-01
5.318903691121722233e+00 -8.552990864975276164e-01
5.325045612243109794e+00 -9.366365862668627473e-01
5.331187533364497355e+00 -9.346252418377365423e-01
5.337329454485884916e+00 -8.551205889213645550e-01
5.343471375607272478e+00 -8.010180905308529331e-01
5.349613296728660039e+00 -8.283857189897975148e-01
5.355755217850047600e+00 -8.598195034808250314e-01
5.361897138971436050e+00 -9.563335589449390994e-01
5.368039060092823611e+00 -7.952926212008395446e-01
5.374180981214211172e+00 -1.024315251750384625e+00
5.380322902335598734e+00 -5.955314558189366281e-01
5.386464823456986295e+00 -1.042798046823174563e+00
5.392606744578373856e+00 -9.442410909574862066e-01
5.398748665699761418e+00 -9.170711045306990661e-01
5.404890586821148979e+00 -1.046546978860958488e+00
5.411032507942537428e+00 -1.019040377882693971e+00
5.417174429063924990e+00 -1.067430597975950857e+00
5.423316350185312551e+00 -9.887647635545424585e-01
5.429458271306700112e+00 -8.392152152458544068e-01
5.435600192428087674e+00 -8.598366218825075347e-01
5.441742113549475235e+00 -1.046172188788170532e+00
5.447884034670862796e+00 -1.001271599728557504e+00
5.454025955792250357e+00 -9.650785404651331945e-01
5.460167876913638807e+00 -8.891502491461275026e-01
5.466309798035026368e+00 -8.320243513640481758e-01
5.472451719156413930e+00 -1.002862377494443846e+00
5.478593640277801491e+00 -1.025989583158396279e+00
5.484735561399189052e+00 -1.026303022259512199e+00
5.490877482520576613e+00 -9.996316517899722642e-01
5.497019403641964175e+00 -1.097647623892406665e+00
5.503161324763351736e+00 -1.057033826993902803e+00
5.509303245884739297e+00 -9.315241789249713023e-01
5.515445167006127747e+00 -1.032734569579409234e+00
5.521587088127515308e+00 -9.439601510363606618e-01
5.527729009248902869e+00 -8.781387200100377877e-01
5.533870930370290431e+00 -1.008525124924976701e+00
5.540012851491677992e+00 -9.739953042270029782e-01
5.546154772613065553e+00 -9.774207596426540690e-01
5.552296693734453115e+00 -9.911774454660906564e-01
5.558438614855840676e+00 -1.145088498185368842e+00
5.564580535977229125e+00 -8.043306174828767086e-01
5.570722457098616687e+00 -1.016046981466922183e+00
5.576864378220004248e+00 -1.069016442945190493e+00
5.583006299341391809e+00 -1.061830321184086490e+00
5.589148220462779371e+00 -1.061468271171392086e+00
5.595290141584166932e+00 -1.085044527425870653e+00
5.601432062705554493e+00 -9.668864199933205894e-01
5.607573983826942055e+00 -7.975660835209045230e-01
5.613715904948330504e+00 -1.018164139927714595e+00
5.619857826069718065e+00 -1.021485530230399785e+00
5.625999747191105627e+00 -9.136035560494162322e-01
5.632141668312493188e+00 -1.008939857134454998e+00
5.638283589433880749e+00 -9.889611803165860859e-01
5.644425510555268310e+00 -7.552251312006496020e-01
5.650567431676655872e+00 -7.786385935189148455e-01
5.656709352798043433e+00 -8.167849564232937398e-01
5.662851273919431883e+00 -7.832714624425433092e-01
5.668993195040819444e+00 -8.956352823397467633e-01
5.675135116162207005e+00 -9.686205222487203059e-01
5.681277037283594566e+00 -7.997379790520336984e-01
5.687418958404982128e+00 -6.336533707058779052e-01
5.693560879526369689e+00 -6.767849028948200729e-01
5.699702800647757250e+00 -1.071864636485993394e+00
5.705844721769144812e+00 -7.330450801166225050e-01
5.711986642890533261e+00 -8.303701471865790884e-01
5.718128564011920822e+00 -6.643342735719460768e-01
5.724270485133308384e+00 -8.678734075353136124e-01
5.730412406254695945e+00 -6.491581650789564062e-01
5.736554327376083506e+00 -6.513814316723102182e-01
5.742696248497471068e+00 -6.581235764534337784e-01
5.748838169618858629e+00 -5.241061695752404770e-01
5.754980090740246190e+00 -6.942959577358043255e-01
5.761122011861634640e+00 -8.635269485710523885e-01
5.767263932983022201e+00 -5.671763434684737870e-01
5.773405854104409762e+00 -7.692152598834287591e-01
5.779547775225797324e+00 -7.508495262883279064e-01
5.785689696347184885e+00 -4.358471796311549351e-01
5.791831617468572446e+00 -4.387190852748275027e-01
5.797973538589960008e+00 -4.723822352839108785e-01
5.804115459711347569e+00 -4.771330236274274328e-01
5.810257380832735130e+00 -3.917901809279810688e-01
5.816399301954123580e+00 -4.335569821894764142e-01
5.822541223075511141e+00 -3.483939054487926179e-01
5.828683144196898702e+00 -6.381229142071638272e-01
5.834825065318286264e+00 -3.931687108515560247e-01
5.840966986439673825e+00 -4.291682365875044147e-01
5.847108907561061386e+00 -3.903809989683930670e-01
5.853250828682448947e+00 -6.603305118553836062e-01
5.859392749803836509e+00 -4.054511417274284657e-01
5.865534670925224958e+00 -4.424954272758215845e-01
5.871676592046612519e+00 -2.242231115074520553e-01
5.877818513168000081e+00 -4.632085663323130542e-01
5.883960434289387642e+00 -6.424950349700497831e-01
5.890102355410775203e+00 -4.056675625878504166e-01
5.896244276532162765e+00 -2.486694102569412257e-01
5.902386197653550326e+00 -3.122279670077525715e-01
5.908528118774937887e+00 -1.030130767311201179e-01
5.914670039896326337e+00 -2.117492202118011480e-01
5.920811961017713898e+00 -3.271850836630308401e-01
5.926953882139101459e+00 -2.280921871668871725e-01
5.933095803260489021e+00 -2.083476705244684535e-01
5.939237724381876582e+00 -2.792804312481860229e-01
5.945379645503264143e+00 -9.954618174674427500e-02
5.951521566624651705e+00 -1.503672658635250292e-01
5.957663487746039266e+00 -6.899356666726656762e-02
5.963805408867427715e+00 -1.966211135719386216e-01
5.969947329988815277e+00 -7.293615365399139239e-02
5.976089251110202838e+00 -5.856499260820620389e-02
5.982231172231590399e+00 -8.215788074157376331e-02
5.988373093352977961e+00 -5.812115563211093378e-02
5.994515014474365522e+00 -7.219044051521456007e-02
6.000656935595753083e+00 7.102258601617708611e-02
6.006798856717140644e+00 -9.918902029557472022e-02
6.012940777838529094e+00 6.824288942286266257e-02
6.019082698959916655e+00 3.373016271623496820e-02
6.025224620081304217e+00 1.171999666918691757e-01
6.031366541202691778e+00 5.136271368681140370e-02
6.037508462324079339e+00 6.217353602974567961e-04
6.043650383445466900e+00 1.883620139177884789e-01
6.049792304566854462e+00 -9.276075851895940194e-02
6.055934225688242023e+00 2.274577852737133532e-01
6.062076146809629584e+00 3.286435054969047975e-01
6.068218067931018034e+00 1.151899545284010562e-01
6.074359989052405595e+00 2.908859700036621754e-01
6.080501910173793156e+00 1.478451285719183383e-01
6.086643831295180718e+00 2.133498561926805148e-01
6.092785752416568279e+00 1.769074437634708952e-01
6.098927673537955840e+00 3.856561756490443638e-01
6.105069594659343402e+00 3.520289140014891682e-01
6.111211515780730963e+00 3.001903548829743529e-01
6.117353436902119412e+00 2.402647103923115091e-01
6.123495358023506974e+00 4.330263816076418970e-01
6.129637279144894535e+00 3.895827081138815151e-01
6.135779200266282096e+00 4.287944570836255131e-01
6.141921121387669658e+00 4.785582844400438352e-01
6.148063042509057219e+00 4.745562197354192824e-01
6.154204963630444780e+00 3.420865364775134698e-01
6.160346884751832341e+00 5.115774593363277001e-01
6.166488805873220791e+00 5.346039626601827299e-01
6.172630726994608352e+00 6.218859344019198598e-01
6.178772648115995914e+00 4.579655982211418563e-01
6.184914569237383475e+00 4.557266825089137385e-01
6.191056490358771036e+00 7.258817793607945656e-01
6.197198411480158597e+00 5.804636871769588424e-01
6.203340332601546159e+00 4.611796711646108937e-01
6.209482253722933720e+00 5.517968388561986792e-01
6.215624174844322170e+00 5.993007565399440795e-01
6.221766095965709731e+00 6.019288163581451023e-01
6.227908017087097292e+00 6.934917423558059069e-01
6.234049938208484853e+00 6.589154148252116538e-01
6.240191859329872415e+00 6.445136664218314992e-01
6.246333780451259976e+00 6.191586119456347070e-01
6.252475701572647537e+00 7.458716781792888995e-01
6.258617622694035099e+00 6.838921410869487350e-01
6.264759543815423548e+00 5.470762004200999673e-01
6.270901464936811109e+00 6.754983620802118560e-01
6.277043386058198671e+00 7.211232036664609879e-01
6.283185307179586232e+00 6.024444810030433750e-01
