0.000000000000000000e+00 -7.768748904966768509e-02
1.229586165788568684e-02 9.502839916591929170e-02
2.459172331577137369e-02 3.551655281539072839e-01
3.688758497365705880e-02 -3.778803792902520053e-02
4.918344663154274737e-02 -3.586305576831344544e-03
6.147930828942843595e-02 6.385135683071309076e-01
7.377516994731411759e-02 -2.528895047699445398e-01
8.607103160519981311e-02 3.246844836913125865e-01
9.836689326308549475e-02 5.220154977491155979e-01
1.106627549209711764e-01 3.642072918502816115e-01
1.229586165788568719e-01 7.214384523254945281e-01
1.352544782367425535e-01 5.590893608964102590e-01
1.475503398946282352e-01 4.450683615763425527e-01
1.598462015525139168e-01 4.019878458876995353e-01
1.721420632103996262e-01 4.762886593686475600e-01
1.844379248682853079e-01 4.853868954385981427e-01
1.967337865261709895e-01 7.987475203074823060e-02
2.090296481840566711e-01 8.647043319945526552e-01
2.213255098419423528e-01 1.310581820506460105e-01
2.336213714998280622e-01 6.380890017386804391e-01
2.459172331577137438e-01 4.907451460453043923e-01
2.582130948155993977e-01 8.474431990193779241e-01
2.705089564734851071e-01 4.332106519516087939e-01
2.828048181313708165e-01 5.643226137212351556e-01
2.951006797892564704e-01 1.274595903226720006e+00
3.073965414471421798e-01 6.848412324697192854e-01
3.196924031050278336e-01 8.800842227363903092e-01
3.319882647629135430e-01 7.683541338953485678e-01
3.442841264207992524e-01 5.528861469298889109e-01
3.565799880786849063e-01 9.105170494144252391e-01
3.688758497365706157e-01 8.441589855534733511e-01
3.811717113944562696e-01 1.010169098525264930e+00
3.934675730523419790e-01 8.714320672383082389e-01
4.057634347102276884e-01 1.040202393861688668e+00
4.180592963681133423e-01 1.197298163097387125e+00
4.303551580259990517e-01 1.005677539423111000e+00
4.426510196838847055e-01 1.087669834626782128e+00
4.549468813417704149e-01 1.197179867233992834e+00
4.672427429996561243e-01 9.540052398066276584e-01
4.795386046575417782e-01 1.074417813583639747e+00
4.918344663154274876e-01 1.145125549920840147e+00
5.041303279733131415e-01 1.182025760242672696e+00
5.164261896311987954e-01 9.847585184039394646e-01
5.287220512890845603e-01 1.002505863154749655e+00
5.410179129469702142e-01 8.635363319919346914e-01
5.533137746048558681e-01 1.088685672511609859e+00
5.656096362627416330e-01 1.546514156886164226e+00
5.779054979206272868e-01 1.036917687226821538e+00
5.902013595785129407e-01 6.463109947818368450e-01
6.024972212363987056e-01 9.267251424447265906e-01
6.147930828942843595e-01 9.325675961109491929e-01
6.270889445521700134e-01 1.184032890052642450e+00
6.393848062100556673e-01 4.440931865066392592e-01
6.516806678679414322e-01 1.102061652898362887e+00
6.639765295258270861e-01 1.193017858633775852e+00
6.762723911837127400e-01 1.002023063042858375e+00
6.885682528415985049e-01 6.873230600710213967e-01
7.008641144994841587e-01 6.066517262491319951e-01
7.131599761573698126e-01 9.359549696501824334e-01
7.254558378152555775e-01 5.783680049935291390e-01
7.377516994731412314e-01 9.991293474305031896e-01
7.500475611310268853e-01 4.078924054269914001e-01
7.623434227889125392e-01 8.331433860936684477e-01
7.746392844467983041e-01 9.131649149100626861e-01
7.869351461046839580e-01 1.031647181922411116e+00
7.992310077625696119e-01 6.978900114333028704e-01
8.115268694204553768e-01 6.989782368485750741e-01
8.238227310783410307e-01 3.370626911863793262e-01
8.361185927362266845e-01 4.186935957063672165e-01
8.484144543941123384e-01 3.490169973329282360e-01
8.607103160519981033e-01 6.317380555935051545e-01
8.730061777098837572e-01 5.238387075134074422e-01
8.853020393677694111e-01 4.748637159987241230e-01
8.975979010256551760e-01 3.481012038982665424e-01
9.098937626835408299e-01 5.557201325587390883e-02
9.221896243414264838e-01 1.630893957617114420e-01
9.344854859993122487e-01 3.134478561889617598e-01
9.467813476571979026e-01 -3.393660083479442813e-01
9.590772093150835564e-01 -2.356402340585540267e-01
9.713730709729692103e-01 -2.835399220255740982e-01
9.836689326308549752e-01 1.194277772563195339e-01
9.959647942887406291e-01 -4.237738423912786739e-02
1.008260655946626283e+00 2.814857469812281909e-01
1.020556517604511937e+00 -2.794298026813010760e-01
1.032852379262397591e+00 -4.070770776838694704e-01
1.045148240920283467e+00 -1.945126124654747157e-01
1.057444102578169121e+00 -2.009590197898342701e-01
1.069739964236054774e+00 1.131313178335426051e-01
1.082035825893940428e+00 -3.419538612905376196e-01
1.094331687551826082e+00 -2.248090492300282017e-01
1.106627549209711736e+00 -5.089893704768516658e-01
1.118923410867597612e+00 -2.464494042602880242e-01
1.131219272525483266e+00 -1.744823011952631453e-01
1.143515134183368920e+00 -2.605167422701043511e-01
1.155810995841254574e+00 -2.084509508173108538e-01
1.168106857499140228e+00 -3.922913116582016357e-01
1.180402719157025881e+00 -4.706723525156578658e-01
1.192698580814911535e+00 -5.961611585954875725e-01
1.204994442472797411e+00 -5.786327015750616365e-01
1.217290304130683065e+00 -5.489221403981819902e-01
1.229586165788568719e+00 -7.686158342021315315e-01
1.241882027446454373e+00 -4.900475614941726121e-01
1.254177889104340027e+00 -6.434115486876028633e-01
1.266473750762225681e+00 -6.387710652484819285e-01
1.278769612420111335e+00 -6.303924549590077531e-01
1.291065474077997211e+00 -5.377121796810048204e-01
1.303361335735882864e+00 -9.787644976584489731e-01
1.315657197393768518e+00 -7.621992372882362421e-01
1.327953059051654172e+00 -7.968927999742992929e-01
1.340248920709539826e+00 -1.046635645972350259e+00
1.352544782367425480e+00 -1.076730510882813574e+00
1.364840644025311134e+00 -8.710885405342736476e-01
1.377136505683197010e+00 -8.015380854317153414e-01
1.389432367341082664e+00 -1.388868005904208891e+00
1.401728228998968317e+00 -1.235169273855889926e+00
1.414024090656853971e+00 -9.726168310404915696e-01
1.426319952314739625e+00 -7.448422216855133948e-01
1.438615813972625279e+00 -8.475679844502677085e-01
1.450911675630511155e+00 -1.196132011705998366e+00
1.463207537288396809e+00 -1.321395711068992229e+00
1.475503398946282463e+00 -7.936641335765181049e-01
1.487799260604168117e+00 -9.452544525182410284e-01
1.500095122262053771e+00 -1.068724002553292918e+00
1.512390983919939424e+00 -1.153792790866992712e+00
1.524686845577825078e+00 -1.341626584584621140e+00
1.536982707235710954e+00 -6.850558987837316316e-01
1.549278568893596608e+00 -8.327564725185312433e-01
1.561574430551482262e+00 -1.157253024733503999e+00
1.573870292209367916e+00 -1.084788847301835668e+00
1.586166153867253570e+00 -8.859085593223765542e-01
1.598462015525139224e+00 -6.932349194291940186e-01
1.610757877183024878e+00 -8.473469552778191138e-01
1.623053738840910754e+00 -9.883513271627768493e-01
1.635349600498796407e+00 -8.810109797510594642e-01
1.647645462156682061e+00 -6.717835840730574937e-01
1.659941323814567715e+00 -1.147651508422320443e+00
1.672237185472453369e+00 -1.194029587102930279e+00
1.684533047130339023e+00 -6.893635710933310179e-01
1.696828908788224677e+00 -1.071482849936825632e+00
1.709124770446110553e+00 -1.042052534969538202e+00
1.721420632103996207e+00 -8.160650637026575227e-01
1.733716493761881861e+00 -6.682701998363049789e-01
1.746012355419767514e+00 -8.805740214481675432e-01
1.758308217077653168e+00 -6.928446417331687313e-01
1.770604078735538822e+00 -9.936555242946558675e-01
1.782899940393424698e+00 -5.008464588010971275e-01
1.795195802051310352e+00 -6.481356492507739375e-01
1.807491663709196006e+00 -3.001223879367777569e-01
1.819787525367081660e+00 -3.899009504524350023e-01
1.832083387024967314e+00 -5.434157362298799310e-01
1.844379248682852968e+00 -5.833452238490591801e-01
1.856675110340738621e+00 -4.232398101342708108e-01
1.868970971998624497e+00 -4.174845233278312584e-01
1.881266833656510151e+00 8.990725840436586402e-03
1.893562695314395805e+00 -4.318654328763354977e-01
1.905858556972281459e+00 -4.096661616691311125e-01
1.918154418630167113e+00 -2.651354872129387807e-01
1.930450280288052767e+00 -6.783042697406760357e-02
1.942746141945938421e+00 -2.875552216985573506e-01
1.955042003603824297e+00 -4.195558100153176095e-01
1.967337865261709950e+00 1.266034149250966356e-02
1.979633726919595604e+00 1.916257878102210488e-01
1.991929588577481258e+00 2.798868573471823828e-01
2.004225450235367134e+00 -2.425897107752844339e-01
2.016521311893252566e+00 9.841129723528729834e-02
2.028817173551138442e+00 1.508014085325620757e-01
2.041113035209023874e+00 -5.911383322819319108e-03
2.053408896866909750e+00 2.861342605295970065e-01
2.065704758524795182e+00 1.563925727633613816e-03
2.078000620182681057e+00 3.654665594903401815e-01
2.090296481840566933e+00 5.033770247619874239e-01
2.102592343498452365e+00 3.872983362748241287e-01
2.114888205156338241e+00 6.020018105470273939e-01
2.127184066814223673e+00 6.732455064412701251e-01
2.139479928472109549e+00 2.492159517194892371e-01
2.151775790129994981e+00 -1.851071674051937288e-01
2.164071651787880857e+00 5.271306224087685122e-01
2.176367513445766733e+00 4.767582287880220981e-01
2.188663375103652164e+00 3.365833631793818670e-01
2.200959236761538040e+00 4.673424503208529202e-01
2.213255098419423472e+00 4.541399026538308625e-01
2.225550960077309348e+00 5.751028340723736143e-01
2.237846821735195224e+00 7.225108791943583020e-01
2.250142683393080656e+00 5.983712360547546183e-01
2.262438545050966532e+00 6.292977106062100923e-01
2.274734406708851964e+00 8.128976074104619087e-01
2.287030268366737840e+00 6.688891467898625542e-01
2.299326130024623271e+00 1.014995603697225413e+00
2.311621991682509147e+00 8.676969264308416196e-01
2.323917853340395023e+00 8.305111604285535520e-01
2.336213714998280455e+00 1.179036114804593582e+00
2.348509576656166331e+00 6.357253114382463988e-01
2.360805438314051763e+00 1.220272327200929041e+00
2.373101299971937639e+00 1.086142562668122480e+00
2.385397161629823071e+00 9.783436343556576320e-01
2.397693023287708947e+00 9.340949840183601083e-01
2.409988884945594823e+00 8.341666890418292235e-01
2.422284746603480254e+00 1.066318124077369589e+00
2.434580608261366130e+00 1.098945177434848430e+00
2.446876469919251562e+00 8.814006556805615844e-01
2.459172331577137438e+00 1.494253049019775847e+00
2.471468193235022870e+00 8.723384130691709260e-01
2.483764054892908746e+00 1.458418740260088775e+00
2.496059916550794622e+00 9.049014461569407919e-01
2.508355778208680054e+00 1.091721790077611942e+00
2.520651639866565930e+00 1.080357533171462547e+00
2.532947501524451361e+00 8.340950199096377471e-01
2.545243363182337237e+00 3.988438272392823558e-01
2.557539224840222669e+00 1.384058698919734098e+00
2.569835086498108545e+00 1.028193588028689209e+00
2.582130948155994421e+00 1.232908236844461047e+00
2.594426809813879853e+00 9.378647769279235824e-01
2.606722671471765729e+00 1.308916288085510082e+00
2.619018533129651161e+00 7.474701403158182655e-01
2.631314394787537037e+00 7.149184273760806896e-01
2.643610256445422468e+00 1.020022606075966953e+00
2.655906118103308344e+00 9.072552153247318563e-01
2.668201979761194220e+00 8.097466725173628754e-01
2.680497841419079652e+00 4.678939164982843790e-01
2.692793703076965528e+00 1.399532257025866588e+00
2.705089564734850960e+00 1.051033355902196487e+00
2.717385426392736836e+00 4.041858883819550718e-01
2.729681288050622268e+00 6.313692296805821780e-01
2.741977149708508144e+00 7.253935444152450618e-01
2.754273011366394019e+00 5.235084927301546509e-01
2.766568873024279451e+00 8.139216420436992117e-01
2.778864734682165327e+00 8.536791479027241447e-01
2.791160596340050759e+00 5.972993866800208052e-01
2.803456457997936635e+00 5.115080998833999582e-01
2.815752319655822067e+00 5.670373146427496458e-01
2.828048181313707943e+00 5.531748795446442823e-01
2.840344042971593819e+00 3.349650404080478094e-01
2.852639904629479251e+00 8.167838114967639340e-01
2.864935766287365126e+00 3.343546327020252562e-01
2.877231627945250558e+00 3.886875062722310314e-01
2.889527489603136434e+00 4.778248683799326546e-01
2.901823351261022310e+00 3.933556359485671505e-01
2.914119212918907742e+00 6.624080712011904959e-01
2.926415074576793618e+00 -1.233927236762688562e-03
2.938710936234679050e+00 -2.264038436453397196e-01
2.951006797892564926e+00 2.772696544124005902e-01
2.963302659550450358e+00 8.632880742096227245e-03
2.975598521208336233e+00 -1.443295305194121914e-01
2.987894382866222109e+00 -9.451578243499085541e-02
3.000190244524107541e+00 -2.415560458670379385e-01
3.012486106181993417e+00 -2.769274345884844557e-01
3.024781967839878849e+00 8.463366013865387949e-02
3.037077829497764725e+00 2.249723820983249301e-01
3.049373691155650157e+00 -2.126980120017056830e-01
3.061669552813536033e+00 -3.693837535224282487e-01
3.073965414471421909e+00 7.831027171459425951e-02
3.086261276129307340e+00 -4.644232565887552178e-01
3.098557137787193216e+00 -5.027437244875281319e-01
3.110852999445078648e+00 -2.001935340561153132e-01
3.123148861102964524e+00 -3.399903900754573938e-01
3.135444722760849956e+00 -5.544462446651599041e-01
3.147740584418735832e+00 -2.660219150056819526e-01
3.160036446076621708e+00 -4.646766565838321705e-01
3.172332307734507140e+00 -3.379231821847240580e-01
3.184628169392393016e+00 -3.180117081668782930e-01
3.196924031050278447e+00 -5.044629309884686164e-01
3.209219892708164323e+00 -6.048937154916630421e-01
3.221515754366049755e+00 -3.360034413288380262e-01
3.233811616023935631e+00 -6.164030348111856350e-01
3.246107477681821507e+00 -6.136029907966280561e-01
3.258403339339706939e+00 -9.740323621893351991e-01
3.270699200997592815e+00 -5.497996249135630453e-01
3.282995062655478247e+00 -8.921460691258535913e-01
3.295290924313364123e+00 -4.734222898051397288e-01
3.307586785971249554e+00 -9.829414503763980182e-01
3.319882647629135430e+00 -8.034860249616680994e-01
3.332178509287021306e+00 -9.446316050759158145e-01
3.344474370944906738e+00 -9.426500522501795043e-01
3.356770232602792614e+00 -6.399066089088917275e-01
3.369066094260678046e+00 -9.808359202092858942e-01
3.381361955918563922e+00 -6.506658211174058959e-01
3.393657817576449354e+00 -1.038431978390090160e+00
3.405953679234335230e+00 -6.580434143503332001e-01
3.418249540892221106e+00 -1.146874910683683746e+00
3.430545402550106537e+00 -1.207841741722477602e+00
3.442841264207992413e+00 -1.073543640017065481e+00
3.455137125865877845e+00 -5.823489403694093181e-01
3.467432987523763721e+00 -9.939521231425508807e-01
3.479728849181649597e+00 -9.460081506927808803e-01
3.492024710839535029e+00 -1.305797122594258841e+00
3.504320572497420905e+00 -5.940829232670862270e-01
3.516616434155306337e+00 -9.610573925823876484e-01
3.528912295813192213e+00 -7.592947454622708259e-01
3.541208157471077644e+00 -9.417902755087060873e-01
3.553504019128963520e+00 -1.208604608177888950e+00
3.565799880786849396e+00 -1.247335280758499643e+00
3.578095742444734828e+00 -1.189651448533779909e+00
3.590391604102620704e+00 -1.125476166311105475e+00
3.602687465760506136e+00 -1.004686189505876737e+00
3.614983327418392012e+00 -9.191274670692437532e-01
3.627279189076277444e+00 -8.878311113332095772e-01
3.639575050734163320e+00 -1.121236523163634757e+00
3.651870912392049195e+00 -7.731092699689019465e-01
3.664166774049934627e+00 -7.666854654808776814e-01
3.676462635707820503e+00 -6.968509103447234621e-01
3.688758497365705935e+00 -1.216723521889177650e+00
3.701054359023591811e+00 -7.387568069629150136e-01
3.713350220681477243e+00 -1.028111726984092478e+00
3.725646082339363119e+00 -6.986849556557802599e-01
3.737941943997248995e+00 -4.882479343115088133e-01
3.750237805655134427e+00 -1.209756108342632253e+00
3.762533667313020302e+00 -7.208621337332788981e-01
3.774829528970905734e+00 -8.104134344905644660e-01
3.787125390628791610e+00 -7.269783805339172789e-01
3.799421252286677042e+00 -8.431001574503713680e-01
3.811717113944562918e+00 -6.246376144909223660e-01
3.824012975602448794e+00 1.515508532259557395e-02
3.836308837260334226e+00 -6.200424432567006594e-01
3.848604698918220102e+00 -1.452918587012905216e-01
3.860900560576105534e+00 -8.934900061508654900e-02
3.873196422233991409e+00 -3.655772744815022346e-01
3.885492283891876841e+00 -1.470224835003877961e-01
3.897788145549762717e+00 -3.295255330629087154e-01
3.910084007207648593e+00 -1.549389662811406776e-02
3.922379868865534025e+00 -1.459723620501763852e-01
3.934675730523419901e+00 -1.666196083196544719e-01
3.946971592181305333e+00 -2.221637961010574647e-01
3.959267453839191209e+00 -6.964197936180377413e-02
3.971563315497076641e+00 -2.478616631623739852e-01
3.983859177154962516e+00 -2.880918799456040902e-01
3.996155038812848392e+00 -2.730295049748810987e-01
4.008450900470734268e+00 -3.361746112587055135e-02
4.020746762128619700e+00 -1.003891893212719016e-01
4.033042623786505132e+00 1.009105023915905647e-01
4.045338485444390564e+00 -9.517423604090813338e-02
4.057634347102276884e+00 3.769008543253213328e-02
4.069930208760162316e+00 9.369064197202091326e-02
4.082226070418047748e+00 4.324600653879423495e-01
4.094521932075934068e+00 4.934292836155027562e-01
4.106817793733819499e+00 3.865260917693134068e-01
4.119113655391704931e+00 6.988108778879541516e-01
4.131409517049590363e+00 4.359997430834458565e-01
4.143705378707476683e+00 6.234780036579360418e-01
4.156001240365362115e+00 9.527364168695626745e-01
4.168297102023247547e+00 8.839171566329561136e-01
4.180592963681133867e+00 4.486514145497659256e-01
4.192888825339019299e+00 8.115518411043191049e-01
4.205184686996904730e+00 2.769730559787294544e-01
4.217480548654790162e+00 4.327451963455933859e-01
4.229776410312676482e+00 6.443282163633800019e-01
4.242072271970561914e+00 8.628742658519327202e-01
4.254368133628447346e+00 3.560637209158509231e-01
4.266663995286333666e+00 6.282316631477053992e-01
4.278959856944219098e+00 6.549068941909972352e-01
4.291255718602104530e+00 1.257191495337261156e+00
4.303551580259989962e+00 9.935331791904474796e-01
4.315847441917876282e+00 9.383048483208501489e-01
4.328143303575761713e+00 8.796701101044808180e-01
4.340439165233647145e+00 7.996041640063060729e-01
4.352735026891533465e+00 7.085368586189764173e-01
4.365030888549418897e+00 6.645707624983678841e-01
4.377326750207304329e+00 9.478293135704979333e-01
4.389622611865189761e+00 6.343579092503706107e-01
4.401918473523076081e+00 1.079749261366835800e+00
4.414214335180961513e+00 9.364697357012596868e-01
4.426510196838846944e+00 9.402256788105550767e-01
4.438806058496733264e+00 9.425359144606231254e-01
4.451101920154618696e+00 9.778220214848120095e-01
4.463397781812504128e+00 1.000010925941841711e+00
4.475693643470390448e+00 1.072201329649154600e+00
4.487989505128275880e+00 9.824790978737408809e-01
4.500285366786161312e+00 7.847249517614915959e-01
4.512581228444046744e+00 1.039588761935191563e+00
4.524877090101933064e+00 8.322587348316797806e-01
4.537172951759818496e+00 9.603436413789298021e-01
4.549468813417703927e+00 1.124427253426466988e+00
4.561764675075590247e+00 9.428860293545001658e-01
4.574060536733475679e+00 1.251864373920316575e+00
4.586356398391361111e+00 8.279928815710093648e-01
4.598652260049246543e+00 8.487204415312001871e-01
4.610948121707132863e+00 4.824101115229098569e-01
4.623243983365018295e+00 1.216692915077180803e+00
4.635539845022903727e+00 8.557032164500046889e-01
4.647835706680790047e+00 9.797049017619746669e-01
4.660131568338675478e+00 9.527269978033868769e-01
4.672427429996560910e+00 5.883647876885225170e-01
4.684723291654446342e+00 7.355223840009399439e-01
4.697019153312332662e+00 8.858747873642801585e-01
4.709315014970218094e+00 8.890969001752031531e-01
4.721610876628103526e+00 8.909035497151894800e-01
4.733906738285989846e+00 5.675474425992741434e-01
4.746202599943875278e+00 1.113778397159651323e+00
4.758498461601760710e+00 3.378554926763705502e-01
4.770794323259646141e+00 8.271579494480737482e-01
4.783090184917532461e+00 6.566183483977265922e-01
4.795386046575417893e+00 6.244701251740305548e-01
4.807681908233303325e+00 7.469994646286397533e-01
4.819977769891189645e+00 7.297087631369623129e-01
4.832273631549075077e+00 4.030687561522660056e-01
4.844569493206960509e+00 4.229964405389891047e-01
4.856865354864845941e+00 3.050245464470821011e-01
4.869161216522732261e+00 4.329544967477734208e-01
4.881457078180617692e+00 2.140123484553882460e-01
4.893752939838503124e+00 7.106730070579176939e-01
4.906048801496389444e+00 4.759302590167072133e-01
4.918344663154274876e+00 5.496232311346861410e-01
4.930640524812160308e+00 4.887452216914854874e-01
4.942936386470045740e+00 1.025989587484970461e-01
4.955232248127932060e+00 1.619328534551384979e-01
4.967528109785817492e+00 2.018726012905882050e-01
4.979823971443702924e+00 3.326224941568456384e-01
4.992119833101589244e+00 -4.625225138499985400e-01
5.004415694759474675e+00 -2.605203040012193938e-01
5.016711556417360107e+00 -8.172855160309608347e-02
5.029007418075245539e+00 -2.300366614574045343e-01
5.041303279733131859e+00 -5.306133516017548235e-01
5.053599141391017291e+00 -1.756826089032564320e-01
5.065895003048902723e+00 -3.114685100069914392e-01
5.078190864706789043e+00 -1.141741210551164565e-01
5.090486726364674475e+00 -7.764427574118848430e-02
5.102782588022559906e+00 -3.012234961457821436e-01
5.115078449680445338e+00 -5.143393199682472217e-01
5.127374311338331658e+00 -5.392077473496439399e-01
5.139670172996217090e+00 -6.270753487092612932e-01
5.151966034654102522e+00 -5.202816786336097454e-01
5.164261896311988842e+00 -4.822433559173308071e-01
5.176557757969874274e+00 -5.034088933734854887e-01
5.188853619627759706e+00 -4.483783485995340157e-01
5.201149481285645138e+00 -3.916838282402148042e-01
5.213445342943531458e+00 -7.524289753141868431e-01
5.225741204601416889e+00 -1.928307918237778806e-01
5.238037066259302321e+00 -5.241385418596011814e-01
5.250332927917188641e+00 -8.314419205223964049e-01
5.262628789575074073e+00 -1.010582314279773186e+00
5.274924651232959505e+00 -6.042910156109445596e-01
5.287220512890844937e+00 -5.223218643992957322e-01
5.299516374548731257e+00 -7.112528784356564326e-01
5.311812236206616689e+00 -6.403118853579414793e-01
5.324108097864502120e+00 -1.229784983810575660e+00
5.336403959522388440e+00 -1.024384180033451219e+00
5.348699821180273872e+00 -1.136257998738634756e+00
5.360995682838159304e+00 -1.140088665072549690e+00
5.373291544496044736e+00 -9.325610136764503899e-01
5.385587406153931056e+00 -1.043498834306303635e+00
5.397883267811816488e+00 -9.868007523932622593e-01
5.410179129469701920e+00 -8.194241254637787408e-01
5.422474991127588240e+00 -1.133031106154874346e+00
5.434770852785473672e+00 -6.631050844513861620e-01
5.447066714443359103e+00 -1.309190585946867769e+00
5.459362576101244535e+00 -8.948439489665602764e-01
5.471658437759130855e+00 -9.056694130987810176e-01
5.483954299417016287e+00 -1.290726198399615665e+00
5.496250161074901719e+00 -5.040472104496946937e-01
5.508546022732788039e+00 -1.067155707542938536e+00
5.520841884390673471e+00 -1.018055835106709273e+00
5.533137746048558903e+00 -1.247573698546153853e+00
5.545433607706444334e+00 -1.261712834703779595e+00
5.557729469364330654e+00 -1.156468113117445018e+00
5.570025331022216086e+00 -1.060115790704701855e+00
5.582321192680101518e+00 -1.031271967961956415e+00
5.594617054337987838e+00 -7.100518153101639252e-01
5.606912915995873270e+00 -9.289830438989949979e-01
5.619208777653758702e+00 -1.039005626230011359e+00
5.631504639311644134e+00 -7.699526705925465730e-01
5.643800500969530454e+00 -1.031590243574749932e+00
5.656096362627415886e+00 -9.016630717166104203e-01
5.668392224285301317e+00 -9.929654243795251745e-01
5.680688085943187637e+00 -6.876883721132270866e-01
5.692983947601073069e+00 -6.122110046144714213e-01
5.705279809258958501e+00 -5.241071182657043304e-01
5.717575670916844821e+00 -8.837628787477368464e-01
5.729871532574730253e+00 -9.133084729145625191e-01
5.742167394232615685e+00 -5.002412063897335726e-01
5.754463255890501117e+00 -4.774399141087947163e-01
5.766759117548387437e+00 -5.162134093215779984e-01
5.779054979206272868e+00 -6.213701888603527790e-01
5.791350840864158300e+00 -1.113089552043859065e+00
5.803646702522044620e+00 -3.567872609385401850e-01
5.815942564179930052e+00 -5.805523907982852450e-01
5.828238425837815484e+00 -4.468788331025225213e-01
5.840534287495700916e+00 -7.826297477040846662e-01
5.852830149153587236e+00 -4.421149889382489651e-01
5.865126010811472668e+00 -6.102247211189972820e-01
5.877421872469358100e+00 -5.838629555249680303e-01
5.889717734127244420e+00 -9.496775616984970414e-02
5.902013595785129851e+00 -5.221453178074004775e-01
5.914309457443015283e+00 -3.242422371311796114e-01
5.926605319100900715e+00 -1.014017310422329898e-01
5.938901180758787035e+00 -3.450719629903772900e-02
5.951197042416672467e+00 -5.503552506907327668e-02
5.963492904074557899e+00 3.434606500607913504e-01
5.975788765732444219e+00 9.534385595844081795e-02
5.988084627390329651e+00 -2.406423067698862661e-01
6.000380489048215082e+00 2.477578973325093581e-01
6.012676350706100514e+00 -2.628694753391648542e-02
6.024972212363986834e+00 3.886345565094120186e-02
6.037268074021872266e+00 -2.569309569247748559e-01
6.049563935679757698e+00 -1.098067177549390538e-01
6.061859797337644018e+00 3.005972604440703688e-01
6.074155658995529450e+00 4.044606330615299616e-01
6.086451520653414882e+00 1.396055307196519824e-01
6.098747382311300314e+00 2.260829577533748358e-01
6.111043243969186634e+00 7.228768795176558903e-01
6.123339105627072065e+00 2.493191739444787225e-01
6.135634967284957497e+00 3.590902904576027121e-01
6.147930828942843817e+00 3.783773843804388304e-01
6.160226690600729249e+00 3.869870555664086664e-01
6.172522552258614681e+00 5.028270560519134680e-01
6.184818413916500113e+00 5.570864775159595217e-01
6.197114275574386433e+00 7.042518584170003315e-01
6.209410137232271865e+00 7.376837137393864596e-01
6.221705998890157296e+00 4.826839663600057673e-01
6.234001860548043616e+00 7.419453275254344060e-01
6.246297722205929048e+00 4.777024635061849489e-01
6.258593583863814480e+00 9.358135505863469650e-01
6.270889445521699912e+00 5.359066192984571764e-01
6.283185307179586232e+00 1.067006828555784548e+00
