0.000000000000000000e+00 1.073559848468570721e-01
1.229586165788568684e-02 1.607573793829095155e-02
2.459172331577137369e-02 5.069751903983761299e-01
3.688758497365705880e-02 2.440073209862702042e-01
4.918344663154274737e-02 1.187057639561520883e+00
6.147930828942843595e-02 4.256209574731725231e-01
7.377516994731411759e-02 5.703269746734175305e-01
8.607103160519981311e-02 7.001736010044494751e-01
9.836689326308549475e-02 6.166467764192776757e-01
1.106627549209711764e-01 8.973988376491097707e-01
1.229586165788568719e-01 1.100914831561097262e+00
1.352544782367425535e-01 9.343354775735114304e-01
1.475503398946282352e-01 9.986025031061800394e-01
1.598462015525139168e-01 5.285876819317114617e-01
1.721420632103996262e-01 6.686192809409862159e-01
1.844379248682853079e-01 5.977540228656911259e-01
1.967337865261709895e-01 5.027765737056937301e-01
2.090296481840566711e-01 5.717098858910438786e-01
2.213255098419423528e-01 -3.802047670973418558e-02
2.336213714998280622e-01 2.186922782031752444e-01
2.459172331577137438e-01 5.278161495980910889e-01
2.582130948155993977e-01 3.993404712644083032e-02
2.705089564734851071e-01 -4.294019544624037565e-01
2.828048181313708165e-01 -3.875660979395019190e-01
2.951006797892564704e-01 -2.890012004578699223e-01
3.073965414471421798e-01 -9.012625586079194839e-01
3.196924031050278336e-01 -8.875673473122790424e-01
3.319882647629135430e-01 -1.163235739714520101e+00
3.442841264207992524e-01 -9.274299051713661424e-01
3.565799880786849063e-01 -1.078395276769257283e+00
3.688758497365706157e-01 -7.565653209819522829e-01
3.811717113944562696e-01 -5.404302755530705493e-01
3.934675730523419790e-01 -1.321332877220345203e+00
4.057634347102276884e-01 -1.144411410539936780e+00
4.180592963681133423e-01 -1.163112384698324231e+00
4.303551580259990517e-01 -6.021206073368040590e-01
4.426510196838847055e-01 -8.344796998366894591e-01
4.549468813417704149e-01 2.541695039301417047e-02
4.672427429996561243e-01 -2.576918158707122708e-01
4.795386046575417782e-01 -6.084894112781036313e-01
4.918344663154274876e-01 -3.344216089223605026e-01
5.041303279733131415e-01 8.510284988851955779e-02
5.164261896311987954e-01 -1.117023828961586362e-01
5.287220512890845603e-01 2.472521747388434221e-01
5.410179129469702142e-01 4.632948701620152598e-01
5.533137746048558681e-01 5.031375939653658369e-01
5.656096362627416330e-01 8.608097236018998899e-01
5.779054979206272868e-01 7.166941757832715476e-01
5.902013595785129407e-01 1.080310962191944668e+00
6.024972212363987056e-01 1.250267180290260516e+00
6.147930828942843595e-01 1.111041000565586190e+00
6.270889445521700134e-01 9.859769145459074124e-01
6.393848062100556673e-01 7.905149451128928861e-01
6.516806678679414322e-01 1.338646678477438901e+00
6.639765295258270861e-01 1.074663093316984064e+00
6.762723911837127400e-01 5.111310516287537187e-01
6.885682528415985049e-01 6.773239615452717466e-01
7.008641144994841587e-01 1.641149966103769842e-01
7.131599761573698126e-01 5.236931200252329388e-01
7.254558378152555775e-01 1.131401740102664366e-01
7.377516994731412314e-01 3.089677368994277473e-01
7.500475611310268853e-01 -4.385617571213417352e-03
7.623434227889125392e-01 -4.092903306726231039e-01
7.746392844467983041e-01 7.582116823161644259e-02
7.869351461046839580e-01 -2.929269950076355822e-01
7.992310077625696119e-01 -9.919388952776426738e-01
8.115268694204553768e-01 -5.983425884877882073e-01
8.238227310783410307e-01 -8.916736657297191782e-01
8.361185927362266845e-01 -1.404233219844210456e+00
8.484144543941123384e-01 -7.579710967659257781e-01
8.607103160519981033e-01 -1.138874008455277531e+00
8.730061777098837572e-01 -1.216231699137243272e+00
8.853020393677694111e-01 -9.794629791184694678e-01
8.975979010256551760e-01 -1.014673792890494308e+00
9.098937626835408299e-01 -1.042330487989036936e+00
9.221896243414264838e-01 -9.560050419702917912e-01
9.344854859993122487e-01 -8.179263375512105805e-01
9.467813476571979026e-01 -3.432194612521568544e-01
9.590772093150835564e-01 -2.989416060145668741e-01
9.713730709729692103e-01 -6.794055145514754646e-02
9.836689326308549752e-01 -3.331443987922651506e-01
9.959647942887406291e-01 -6.342006221019678980e-02
1.008260655946626283e+00 -1.040128679531559935e-01
1.020556517604511937e+00 4.033755093912984035e-01
1.032852379262397591e+00 3.023456432547254602e-01
1.045148240920283467e+00 1.881877761228288870e-01
1.057444102578169121e+00 5.156571677445774826e-01
1.069739964236054774e+00 7.853630183310356117e-01
1.082035825893940428e+00 1.275808313666836780e+00
1.094331687551826082e+00 1.289260818280529630e+00
1.106627549209711736e+00 7.968163719240909382e-01
1.118923410867597612e+00 1.052114843314191361e+00
1.131219272525483266e+00 1.216665538447144534e+00
1.143515134183368920e+00 1.086132845002478531e+00
1.155810995841254574e+00 9.871726677146082096e-01
1.168106857499140228e+00 1.223249898102237498e+00
1.180402719157025881e+00 7.151022107577993392e-01
1.192698580814911535e+00 6.941291751516981412e-01
1.204994442472797411e+00 3.803453461899196641e-01
1.217290304130683065e+00 2.376624120389623507e-01
1.229586165788568719e+00 2.468439444181927955e-01
1.241882027446454373e+00 4.776275162124389295e-01
1.254177889104340027e+00 2.111452498781412335e-01
1.266473750762225681e+00 -6.832020914703554326e-02
1.278769612420111335e+00 -2.979861331395425861e-01
1.291065474077997211e+00 -6.347345242332950166e-01
1.303361335735882864e+00 -6.257601981597468166e-01
1.315657197393768518e+00 -6.997963797358056626e-01
1.327953059051654172e+00 -6.568721713890182112e-01
1.340248920709539826e+00 -8.536809126966772299e-01
1.352544782367425480e+00 -1.079579346613849022e+00
1.364840644025311134e+00 -7.098284362252686996e-01
1.377136505683197010e+00 -8.651039152637574059e-01
1.389432367341082664e+00 -7.772845076228421801e-01
1.401728228998968317e+00 -7.122124753511283046e-01
1.414024090656853971e+00 -8.672182438518087899e-01
1.426319952314739625e+00 -6.215126874364447218e-01
1.438615813972625279e+00 -1.150455058244262752e+00
1.450911675630511155e+00 -5.923916561711158879e-01
1.463207537288396809e+00 -7.899414973845535481e-01
1.475503398946282463e+00 -4.599458031318570117e-01
1.487799260604168117e+00 3.861844023392249081e-01
1.500095122262053771e+00 1.116448643152779391e-01
1.512390983919939424e+00 7.353298566340603637e-01
1.524686845577825078e+00 4.612668981223055908e-01
1.536982707235710954e+00 3.605604216371279813e-01
1.549278568893596608e+00 5.555013237578769747e-01
1.561574430551482262e+00 6.753944862342643463e-01
1.573870292209367916e+00 1.141917798124562289e+00
1.586166153867253570e+00 6.325786319377941780e-01
1.598462015525139224e+00 1.113237143535260154e+00
1.610757877183024878e+00 7.135266015743899626e-01
1.623053738840910754e+00 1.156990904226752992e+00
1.635349600498796407e+00 1.035613888060371579e+00
1.647645462156682061e+00 8.815577297019097092e-01
1.659941323814567715e+00 1.102780333001373236e+00
1.672237185472453369e+00 7.147275929485419343e-01
1.684533047130339023e+00 8.461077233202976000e-01
1.696828908788224677e+00 8.610898914053173314e-01
1.709124770446110553e+00 3.521653022803992172e-01
1.721420632103996207e+00 1.785745422128407200e-01
1.733716493761881861e+00 4.031628717546650309e-01
1.746012355419767514e+00 -8.281966365051945944e-02
1.758308217077653168e+00 -6.695785914198762456e-02
1.770604078735538822e+00 -2.169311441250743044e-02
1.782899940393424698e+00 -7.088647785198094464e-01
1.795195802051310352e+00 -3.538964857389860219e-01
1.807491663709196006e+00 -5.380522089765155114e-01
1.819787525367081660e+00 -1.035367823273872778e+00
1.832083387024967314e+00 -7.645212692622395112e-01
1.844379248682852968e+00 -1.133521209812259567e+00
1.856675110340738621e+00 -9.748067134765977526e-01
1.868970971998624497e+00 -8.508592384866833225e-01
1.881266833656510151e+00 -8.942179128785474607e-01
1.893562695314395805e+00 -8.757505455352826429e-01
1.905858556972281459e+00 -8.211095382120735531e-01
1.918154418630167113e+00 -1.247264895549014874e+00
1.930450280288052767e+00 -6.154409244382322841e-01
1.942746141945938421e+00 -8.151382704227446707e-01
1.955042003603824297e+00 -4.470647630662050176e-01
1.967337865261709950e+00 -2.973265197220795741e-01
1.979633726919595604e+00 -5.652972674739842329e-01
1.991929588577481258e+00 -4.549563033095129772e-01
2.004225450235367134e+00 -1.690831078152966321e-02
2.016521311893252566e+00 1.365308708011271910e-01
2.028817173551138442e+00 2.354553811451217116e-01
2.041113035209023874e+00 4.745602366049492815e-01
2.053408896866909750e+00 5.478214765121842689e-01
2.065704758524795182e+00 5.266230780718420545e-01
2.078000620182681057e+00 7.750462728978857463e-01
2.090296481840566933e+00 1.032465140169341211e+00
2.102592343498452365e+00 1.112679590556802323e+00
2.114888205156338241e+00 8.080021736640616847e-01
2.127184066814223673e+00 1.150051370217548330e+00
2.139479928472109549e+00 1.135582710383530980e+00
2.151775790129994981e+00 1.061405065384147584e+00
2.164071651787880857e+00 5.639436870696771242e-01
2.176367513445766733e+00 5.258637848570075768e-01
2.188663375103652164e+00 5.554157791822056378e-01
2.200959236761538040e+00 6.453261696917328427e-01
2.213255098419423472e+00 7.083962674293022843e-01
2.225550960077309348e+00 -9.195262164948625472e-02
2.237846821735195224e+00 6.084708597723598178e-02
2.250142683393080656e+00 -2.788796981701728295e-01
2.262438545050966532e+00 -2.284638060593086051e-01
2.274734406708851964e+00 -3.086096885737794615e-01
2.287030268366737840e+00 -2.383619947646400949e-01
2.299326130024623271e+00 -6.646422096752334641e-01
2.311621991682509147e+00 -9.811791429836522749e-01
2.323917853340395023e+00 -1.074241525712173795e+00
2.336213714998280455e+00 -1.063422478899589185e+00
2.348509576656166331e+00 -6.401512568763733091e-01
2.360805438314051763e+00 -7.346978826192043233e-01
2.373101299971937639e+00 -8.033379993060715263e-01
2.385397161629823071e+00 -1.292604856907372923e+00
2.397693023287708947e+00 -7.057564290229094706e-01
2.409988884945594823e+00 -1.330084063281153028e+00
2.422284746603480254e+00 -1.164470831179938770e+00
2.434580608261366130e+00 -8.218328605926858987e-01
2.446876469919251562e+00 -7.624083150544993526e-01
2.459172331577137438e+00 -4.861928510844055196e-01
2.471468193235022870e+00 -4.094006488580980152e-01
2.483764054892908746e+00 -1.628215290143669725e-02
2.496059916550794622e+00 -1.090837575267565585e-01
2.508355778208680054e+00 -1.900197484429850814e-01
2.520651639866565930e+00 4.130931607348272694e-01
2.532947501524451361e+00 4.931003920211896041e-02
2.545243363182337237e+00 7.102684645084433868e-01
2.557539224840222669e+00 7.856804712857354822e-01
2.569835086498108545e+00 7.405115482242903280e-01
2.582130948155994421e+00 6.034798524771631811e-01
2.594426809813879853e+00 8.980258508034805187e-01
2.606722671471765729e+00 1.030780470773383417e+00
2.619018533129651161e+00 6.961677021278154243e-01
2.631314394787537037e+00 1.213840113617788319e+00
2.643610256445422468e+00 1.038163357701787248e+00
2.655906118103308344e+00 6.268189566953623615e-01
2.668201979761194220e+00 8.531406032039130505e-01
2.680497841419079652e+00 7.854137349230769782e-01
2.692793703076965528e+00 9.235886530107886294e-01
2.705089564734850960e+00 6.883159620068538542e-01
2.717385426392736836e+00 2.142507659358946215e-01
2.729681288050622268e+00 -1.865003089191857866e-02
2.741977149708508144e+00 -3.093016396856630990e-01
2.754273011366394019e+00 -4.103147988309819860e-01
2.766568873024279451e+00 6.584993319899914987e-02
2.778864734682165327e+00 -4.547602087674651461e-02
2.791160596340050759e+00 -5.010510736849632663e-01
2.803456457997936635e+00 -5.803095086727318996e-01
2.815752319655822067e+00 -6.387376844116150476e-01
2.828048181313707943e+00 -9.530266211075855143e-01
2.840344042971593819e+00 -8.113631197250613658e-01
2.852639904629479251e+00 -7.254777030705292784e-01
2.864935766287365126e+00 -7.001830394130986734e-01
2.877231627945250558e+00 -1.181469393723147077e+00
2.889527489603136434e+00 -6.349618739522473465e-01
2.901823351261022310e+00 -1.379623462917809018e+00
2.914119212918907742e+00 -1.051266072270878427e+00
2.926415074576793618e+00 -4.180117617447197120e-01
2.938710936234679050e+00 -6.565413960183197339e-01
2.951006797892564926e+00 -4.532476753391431745e-01
2.963302659550450358e+00 -1.659355384193139105e-01
2.975598521208336233e+00 -2.963860357077097718e-01
2.987894382866222109e+00 -7.851461430131249919e-02
3.000190244524107541e+00 4.687039043268534377e-02
3.012486106181993417e+00 3.590586534857165280e-01
3.024781967839878849e+00 1.075469318032568067e-01
3.037077829497764725e+00 5.867320314333901443e-01
3.049373691155650157e+00 4.243315014710411504e-01
3.061669552813536033e+00 6.795809950804587718e-01
3.073965414471421909e+00 1.096978076512099998e+00
3.086261276129307340e+00 1.115618866233036854e+00
3.098557137787193216e+00 1.435364087243490516e+00
3.110852999445078648e+00 9.845233959031789439e-01
3.123148861102964524e+00 1.052450884267769116e+00
3.135444722760849956e+00 9.178255974572281373e-01
3.147740584418735832e+00 6.788298660377301008e-01
3.160036446076621708e+00 9.824353380204297048e-01
3.172332307734507140e+00 8.297960486765673105e-01
3.184628169392393016e+00 6.169063268603806049e-01
3.196924031050278447e+00 7.170318664870399816e-01
3.209219892708164323e+00 2.328165956968673012e-01
3.221515754366049755e+00 9.036540608309134859e-02
3.233811616023935631e+00 3.355997042863048119e-01
3.246107477681821507e+00 2.815026327856339217e-01
3.258403339339706939e+00 2.241809640532481385e-01
3.270699200997592815e+00 -1.804406348416331407e-01
3.282995062655478247e+00 -7.319817442752112324e-01
3.295290924313364123e+00 -6.121678091452459336e-01
3.307586785971249554e+00 -6.251832943459869618e-01
3.319882647629135430e+00 -7.503944287612956954e-01
3.332178509287021306e+00 -8.885134331763636650e-01
3.344474370944906738e+00 -8.241164539322684002e-01
3.356770232602792614e+00 -8.371363508761759942e-01
3.369066094260678046e+00 -9.359701437968005466e-01
3.381361955918563922e+00 -1.087964171553532200e+00
3.393657817576449354e+00 -1.440306681364303287e+00
3.405953679234335230e+00 -8.049003974804762596e-01
3.418249540892221106e+00 -1.018154398166809749e+00
3.430545402550106537e+00 -9.632692017733286427e-01
3.442841264207992413e+00 -6.854681707877328112e-01
3.455137125865877845e+00 -7.089495537285015470e-01
3.467432987523763721e+00 -8.204012420744209999e-01
3.479728849181649597e+00 -4.453582708657652378e-02
3.492024710839535029e+00 -1.239255768047377720e-01
3.504320572497420905e+00 8.636546652286171410e-03
3.516616434155306337e+00 3.963567353632965751e-02
3.528912295813192213e+00 4.857131160211614618e-01
3.541208157471077644e+00 5.168486468520641086e-01
3.553504019128963520e+00 6.658353209670131445e-01
3.565799880786849396e+00 8.719410485232277352e-01
3.578095742444734828e+00 8.713341782801367064e-01
3.590391604102620704e+00 9.766345131243866495e-01
3.602687465760506136e+00 6.651544979342081110e-01
3.614983327418392012e+00 9.302322548044198447e-01
3.627279189076277444e+00 9.903892218063259367e-01
3.639575050734163320e+00 1.088099063861455607e+00
3.651870912392049195e+00 7.638887376337613055e-01
3.664166774049934627e+00 1.015008913442000171e+00
3.676462635707820503e+00 8.157657635358480652e-01
3.688758497365705935e+00 5.748561475430655765e-01
3.701054359023591811e+00 3.407735268834898856e-01
3.713350220681477243e+00 5.975252369306246480e-01
3.725646082339363119e+00 2.062048184252679994e-01
3.737941943997248995e+00 2.666631843785893796e-01
3.750237805655134427e+00 -2.070531722689167298e-01
3.762533667313020302e+00 2.504152229927901763e-01
3.774829528970905734e+00 -1.050501070636730150e-01
3.787125390628791610e+00 -6.118932103578041959e-01
3.799421252286677042e+00 -1.775693454490201439e-01
3.811717113944562918e+00 -9.794105129345693772e-01
3.824012975602448794e+00 -9.554611126509170438e-01
3.836308837260334226e+00 -8.213854148526130716e-01
3.848604698918220102e+00 -8.424985722970884661e-01
3.860900560576105534e+00 -8.799692055091746790e-01
3.873196422233991409e+00 -9.419209128785487328e-01
3.885492283891876841e+00 -1.255173824562358487e+00
3.897788145549762717e+00 -8.748605891670284684e-01
3.910084007207648593e+00 -1.174853943277428980e+00
3.922379868865534025e+00 -1.329269119941678845e+00
3.934675730523419901e+00 -7.533666432842053284e-01
3.946971592181305333e+00 -3.028109689200362276e-01
3.959267453839191209e+00 -3.512926853107460334e-01
3.971563315497076641e+00 2.513679829862802695e-02
3.983859177154962516e+00 -2.169142797331328198e-01
3.996155038812848392e+00 -7.977755889777979337e-02
4.008450900470734268e+00 3.023341759456305011e-01
4.020746762128619700e+00 4.479258902480470206e-01
4.033042623786505132e+00 2.873988852230451863e-01
4.045338485444390564e+00 6.533456129827571734e-01
4.057634347102276884e+00 8.477653893640779703e-01
4.069930208760162316e+00 1.040359609902211879e+00
4.082226070418047748e+00 7.854099987482920930e-01
4.094521932075934068e+00 6.968250320003117615e-01
4.106817793733819499e+00 9.256945257970300434e-01
4.119113655391704931e+00 1.051178659408680938e+00
4.131409517049590363e+00 8.792227755201632577e-01
4.143705378707476683e+00 1.138480455116398060e+00
4.156001240365362115e+00 8.571429168078807947e-01
4.168297102023247547e+00 1.361581979528372344e+00
4.180592963681133867e+00 6.356635686342170244e-01
4.192888825339019299e+00 8.219652669261447997e-01
4.205184686996904730e+00 7.973405959158310630e-01
4.217480548654790162e+00 4.938791479578478194e-01
4.229776410312676482e+00 4.645513569720872149e-01
4.242072271970561914e+00 3.191517517753019728e-01
4.254368133628447346e+00 -2.413536682442778414e-01
4.266663995286333666e+00 -2.161856484424795610e-01
4.278959856944219098e+00 -4.577387858422503064e-01
4.291255718602104530e+00 -7.305938032182504038e-01
4.303551580259989962e+00 -7.920304486318113790e-01
4.315847441917876282e+00 -9.351400527720397093e-01
4.328143303575761713e+00 -9.945895094936616498e-01
4.340439165233647145e+00 -8.559718663112650949e-01
4.352735026891533465e+00 -8.570133914253400542e-01
4.365030888549418897e+00 -8.259961793552339504e-01
4.377326750207304329e+00 -1.007790075871037638e+00
4.389622611865189761e+00 -1.133902520342285003e+00
4.401918473523076081e+00 -6.380876515967900398e-01
4.414214335180961513e+00 -1.096031821405156981e+00
4.426510196838846944e+00 -8.736901219110787542e-01
4.438806058496733264e+00 -6.197339751412720421e-01
4.451101920154618696e+00 -5.780727114397213873e-01
4.463397781812504128e+00 -4.667375111687591671e-01
4.475693643470390448e+00 5.803490730578481083e-02
4.487989505128275880e+00 -7.152837686498832170e-02
4.500285366786161312e+00 -2.747413739450894066e-01
4.512581228444046744e+00 3.723089315884680617e-01
4.524877090101933064e+00 2.631905880918256058e-01
4.537172951759818496e+00 2.751593316207999185e-01
4.549468813417703927e+00 6.064697066694930694e-01
4.561764675075590247e+00 7.256440471450593677e-01
4.574060536733475679e+00 8.772976548290546406e-01
4.586356398391361111e+00 1.216195624410728371e+00
4.598652260049246543e+00 7.195783870164607077e-01
4.610948121707132863e+00 1.416927120535887097e+00
4.623243983365018295e+00 9.487503756548588685e-01
4.635539845022903727e+00 1.345916325000678260e+00
4.647835706680790047e+00 7.019859357676154765e-01
4.660131568338675478e+00 8.835856767332515016e-01
4.672427429996560910e+00 1.003065363134042043e+00
4.684723291654446342e+00 4.409790534131018958e-01
4.697019153312332662e+00 6.920076225689605343e-01
4.709315014970218094e+00 2.142366985447571315e-01
4.721610876628103526e+00 4.486101128477427702e-01
4.733906738285989846e+00 3.740197799912530763e-01
4.746202599943875278e+00 7.019824313594540122e-03
4.758498461601760710e+00 -1.888268241716345996e-01
4.770794323259646141e+00 -6.763605000128845024e-01
4.783090184917532461e+00 -3.321694875644617961e-01
4.795386046575417893e+00 -6.458323754227198732e-01
4.807681908233303325e+00 -8.633589854088880022e-01
4.819977769891189645e+00 -5.049238990821605100e-01
4.832273631549075077e+00 -8.411766589496512125e-01
4.844569493206960509e+00 -1.023240017572474292e+00
4.856865354864845941e+00 -1.098119159674803669e+00
4.869161216522732261e+00 -7.948619554253678610e-01
4.881457078180617692e+00 -1.072223740087323351e+00
4.893752939838503124e+00 -9.598690620686416430e-01
4.906048801496389444e+00 -1.169534376712051627e+00
4.918344663154274876e+00 -1.379616395617403235e+00
4.930640524812160308e+00 -8.741135394032215622e-01
4.942936386470045740e+00 -7.648579286812808853e-01
4.955232248127932060e+00 -3.436117187094372416e-01
4.967528109785817492e+00 -6.579726752791158484e-01
4.979823971443702924e+00 -4.431123401434365339e-01
4.992119833101589244e+00 -7.725879957896997219e-02
5.004415694759474675e+00 5.353229454509100815e-02
5.016711556417360107e+00 2.202092749427747576e-01
5.029007418075245539e+00 3.571399902372061064e-01
5.041303279733131859e+00 1.897579164069606583e-01
5.053599141391017291e+00 6.516170262956491044e-01
5.065895003048902723e+00 6.906864711883143881e-01
5.078190864706789043e+00 9.183397891733167118e-01
5.090486726364674475e+00 7.774814672206240562e-01
5.102782588022559906e+00 1.034186991317280979e+00
5.115078449680445338e+00 1.185475149803048467e+00
5.127374311338331658e+00 5.843052356917591839e-01
5.139670172996217090e+00 1.046081570088163826e+00
5.151966034654102522e+00 1.119667115003835756e+00
5.164261896311988842e+00 7.187597920351789238e-01
5.176557757969874274e+00 1.050951429580806007e+00
5.188853619627759706e+00 4.232770412575935781e-01
5.201149481285645138e+00 7.214556000093101940e-01
5.213445342943531458e+00 2.484319164140889324e-01
5.225741204601416889e+00 3.506217998153554061e-01
5.238037066259302321e+00 2.729011620439858454e-02
5.250332927917188641e+00 -3.244890034210303753e-01
5.262628789575074073e+00 -4.469423052495209436e-01
5.274924651232959505e+00 1.508655505792544926e-01
5.287220512890844937e+00 -5.150927680471275583e-01
5.299516374548731257e+00 -4.577568625527665414e-01
5.311812236206616689e+00 -5.597110158549326586e-01
5.324108097864502120e+00 -9.451087486604931032e-01
5.336403959522388440e+00 -9.021385398470109784e-01
5.348699821180273872e+00 -5.384519762914505847e-01
5.360995682838159304e+00 -1.032614323809420753e+00
5.373291544496044736e+00 -6.854857118757371470e-01
5.385587406153931056e+00 -6.962529047039822672e-01
5.397883267811816488e+00 -9.378379218158381381e-01
5.410179129469701920e+00 -7.921466722832174456e-01
5.422474991127588240e+00 -7.672551947800713146e-01
5.434770852785473672e+00 -1.059518526757122103e+00
5.447066714443359103e+00 -8.220305216127248293e-01
5.459362576101244535e+00 -4.086298537072870496e-01
5.471658437759130855e+00 -3.879666565401913569e-01
5.483954299417016287e+00 -3.055906658293296996e-01
5.496250161074901719e+00 2.630192967103572310e-01
5.508546022732788039e+00 -2.497698641331987102e-02
5.520841884390673471e+00 1.562130554112486913e-01
5.533137746048558903e+00 1.219449043671389510e-01
5.545433607706444334e+00 4.701076192112888519e-01
5.557729469364330654e+00 4.000790904937546189e-01
5.570025331022216086e+00 7.762398383041917427e-01
5.582321192680101518e+00 9.332787952329887338e-01
5.594617054337987838e+00 9.575989723388171893e-01
5.606912915995873270e+00 1.227419072526275468e+00
5.619208777653758702e+00 7.101922830897684502e-01
5.631504639311644134e+00 8.735005113632978713e-01
5.643800500969530454e+00 8.378388068787250287e-01
5.656096362627415886e+00 6.799456797449892065e-01
5.668392224285301317e+00 8.648115227625512436e-01
5.680688085943187637e+00 6.550232880245301370e-01
5.692983947601073069e+00 5.691990597711140687e-01
5.705279809258958501e+00 4.021612971843884221e-01
5.717575670916844821e+00 4.084886770999769379e-01
5.729871532574730253e+00 2.571383125658279201e-01
5.742167394232615685e+00 -4.303419953045210800e-02
5.754463255890501117e+00 -1.668600510895109079e-01
5.766759117548387437e+00 -6.021441831276084233e-01
5.779054979206272868e+00 -4.776443348295307256e-01
5.791350840864158300e+00 -4.253538972883582625e-01
5.803646702522044620e+00 -5.867381848862492921e-01
5.815942564179930052e+00 -5.994013393095614095e-01
5.828238425837815484e+00 -8.206737228561848951e-01
5.840534287495700916e+00 -4.353395781589406432e-01
5.852830149153587236e+00 -6.928413669032731370e-01
5.865126010811472668e+00 -1.018039933831038413e+00
5.877421872469358100e+00 -7.443123275823362306e-01
5.889717734127244420e+00 -9.510132714238030971e-01
5.902013595785129851e+00 -9.399813899841846787e-01
5.914309457443015283e+00 -1.085833068744731289e+00
5.926605319100900715e+00 -3.920378897855444356e-01
5.938901180758787035e+00 -7.711485828693318556e-01
5.951197042416672467e+00 -5.433659419641698740e-01
5.963492904074557899e+00 -2.392875946819966737e-01
5.975788765732444219e+00 -3.610592498316245180e-01
5.988084627390329651e+00 -1.255568930851148346e-01
6.000380489048215082e+00 -3.819086890918547694e-01
6.012676350706100514e+00 3.489057824758603488e-01
6.024972212363986834e+00 2.199095653885963508e-01
6.037268074021872266e+00 5.293290429494469373e-01
6.049563935679757698e+00 2.245341839735993661e-01
6.061859797337644018e+00 6.187162860216246507e-01
6.074155658995529450e+00 5.570306131719976461e-01
6.086451520653414882e+00 7.308847968958006591e-01
6.098747382311300314e+00 8.661321818816072327e-01
6.111043243969186634e+00 9.292739019085098917e-01
6.123339105627072065e+00 8.642451410379796695e-01
6.135634967284957497e+00 9.200482759947981037e-01
6.147930828942843817e+00 1.363429060269433890e+00
6.160226690600729249e+00 8.567696346505248028e-01
6.172522552258614681e+00 1.081976893814998064e+00
6.184818413916500113e+00 8.421102523166120735e-01
6.197114275574386433e+00 4.895310299014348776e-01
6.209410137232271865e+00 5.204718519551100320e-01
6.221705998890157296e+00 -3.030992316226738259e-02
6.234001860548043616e+00 4.948787026685510515e-01
6.246297722205929048e+00 -1.339199078901971429e-01
6.258593583863814480e+00 -2.165430135234683862e-01
6.270889445521699912e+00 -2.358074221023180594e-01
6.283185307179586232e+00 -5.949270855843574735e-01
