0.000000000000000000e+00 5.394767585328190396e-03
1.229586165788568684e-02 1.337243508944429282e-01
2.459172331577137369e-02 7.791857073981889314e-03
3.688758497365705880e-02 2.241767064821773014e-01
4.918344663154274737e-02 1.556078125150391622e-01
6.147930828942843595e-02 3.241637343400384230e-01
7.377516994731411759e-02 6.997633068900046549e-01
8.607103160519981311e-02 5.994227614877499777e-01
9.836689326308549475e-02 1.811238611163638046e-01
1.106627549209711764e-01 7.257773148718840162e-01
1.229586165788568719e-01 5.884757122173271959e-01
1.352544782367425535e-01 7.095441570574737566e-01
1.475503398946282352e-01 5.397280794856562647e-01
1.598462015525139168e-01 8.637401891145501942e-01
1.721420632103996262e-01 1.086462696705352782e+00
1.844379248682853079e-01 1.188796223639565053e+00
1.967337865261709895e-01 9.499446896655706629e-01
2.090296481840566711e-01 9.333834651008685590e-01
2.213255098419423528e-01 6.013929542778587711e-01
2.336213714998280622e-01 7.973912701019110205e-01
2.459172331577137438e-01 7.123125623621850977e-01
2.582130948155993977e-01 7.535147404703679275e-01
2.705089564734851071e-01 9.827506046481366830e-01
2.828048181313708165e-01 9.787764346387457515e-01
2.951006797892564704e-01 1.202862233034878825e+00
3.073965414471421798e-01 6.274207854307526366e-01
3.196924031050278336e-01 9.063831251430716218e-01
3.319882647629135430e-01 2.851756372362487246e-01
3.442841264207992524e-01 6.946902977612932073e-01
3.565799880786849063e-01 7.097928630936664041e-01
3.688758497365706157e-01 6.735357985482716137e-01
3.811717113944562696e-01 6.512899234726109432e-01
3.934675730523419790e-01 9.384135461676328394e-01
4.057634347102276884e-01 5.594242076764917027e-01
4.180592963681133423e-01 5.498182815512839827e-01
4.303551580259990517e-01 2.421056225402007378e-01
4.426510196838847055e-01 2.879202495537689366e-01
4.549468813417704149e-01 -8.534680418279227965e-02
4.672427429996561243e-01 3.441715269611655414e-01
4.795386046575417782e-01 8.472569685042252718e-02
4.918344663154274876e-01 8.883610618494369726e-02
5.041303279733131415e-01 2.160202493583320837e-01
5.164261896311987954e-01 -2.557396279789168891e-02
5.287220512890845603e-01 -2.565045725935311549e-01
5.410179129469702142e-01 -4.724770110089039354e-01
5.533137746048558681e-01 -4.879043369934196184e-01
5.656096362627416330e-01 -6.517574694503249777e-01
5.779054979206272868e-01 -7.940893175244323476e-01
5.902013595785129407e-01 -7.696169957456071575e-01
6.024972212363987056e-01 -3.518192313129449023e-01
6.147930828942843595e-01 -7.208930685917419590e-01
6.270889445521700134e-01 -6.858979481886205987e-01
6.393848062100556673e-01 -4.917175675186511441e-01
6.516806678679414322e-01 -1.255992533898480534e+00
6.639765295258270861e-01 -7.674152151579486381e-01
6.762723911837127400e-01 -1.062670197115163084e+00
6.885682528415985049e-01 -8.858375839831842402e-01
7.008641144994841587e-01 -9.790271571834358033e-01
7.131599761573698126e-01 -1.138957448798338046e+00
7.254558378152555775e-01 -8.521350456511673777e-01
7.377516994731412314e-01 -1.327636722179613482e+00
7.500475611310268853e-01 -1.402610070290257305e+00
7.623434227889125392e-01 -1.278991938265256811e+00
7.746392844467983041e-01 -1.080954949056132097e+00
7.869351461046839580e-01 -9.773050590950623784e-01
7.992310077625696119e-01 -8.275166820585840854e-01
8.115268694204553768e-01 -9.153046992386747460e-01
8.238227310783410307e-01 -7.431734528223400416e-01
8.361185927362266845e-01 -6.821331778232370135e-01
8.484144543941123384e-01 -8.723056005884652908e-01
8.607103160519981033e-01 -7.738467766304049089e-01
8.730061777098837572e-01 -7.531389616723555003e-01
8.853020393677694111e-01 -6.365150756248822983e-01
8.975979010256551760e-01 -2.895477572775508879e-01
9.098937626835408299e-01 -2.768232344219752061e-01
9.221896243414264838e-01 -6.936737776198687033e-01
9.344854859993122487e-01 -5.759002164289502845e-01
9.467813476571979026e-01 -1.061624373531266929e-01
9.590772093150835564e-01 -1.041983519123766133e-01
9.713730709729692103e-01 -2.090361799034728130e-01
9.836689326308549752e-01 -1.585003165487591514e-01
9.959647942887406291e-01 7.699845365451266077e-02
1.008260655946626283e+00 6.889556629480093897e-02
1.020556517604511937e+00 -1.545879381425546428e-01
1.032852379262397591e+00 4.565973361955774079e-01
1.045148240920283467e+00 5.218282082733052274e-01
1.057444102578169121e+00 6.087910653471195754e-01
1.069739964236054774e+00 4.783843556815198239e-01
1.082035825893940428e+00 4.711159885127327862e-01
1.094331687551826082e+00 6.734838903975866042e-01
1.106627549209711736e+00 7.240981630257466994e-01
1.118923410867597612e+00 5.076547251280782991e-01
1.131219272525483266e+00 9.186274468719566322e-01
1.143515134183368920e+00 6.144186591313980372e-01
1.155810995841254574e+00 1.016467344666938111e+00
1.168106857499140228e+00 5.794728861155343802e-01
1.180402719157025881e+00 9.825487658710272409e-01
1.192698580814911535e+00 1.424009261411402161e+00
1.204994442472797411e+00 8.643521232788597963e-01
1.217290304130683065e+00 9.258200671209664279e-01
1.229586165788568719e+00 6.702966714710693052e-01
1.241882027446454373e+00 1.072051636139920161e+00
1.254177889104340027e+00 7.915218242174362206e-01
1.266473750762225681e+00 8.553611934831826247e-01
1.278769612420111335e+00 9.849652181171020260e-01
1.291065474077997211e+00 9.323960166234471769e-01
1.303361335735882864e+00 6.907152875733169051e-01
1.315657197393768518e+00 8.528317155890801082e-01
1.327953059051654172e+00 9.635991212163927955e-01
1.340248920709539826e+00 6.589928152442593445e-01
1.352544782367425480e+00 5.381133700497490180e-01
1.364840644025311134e+00 1.208173955496153251e+00
1.377136505683197010e+00 6.929159078735223076e-01
1.389432367341082664e+00 7.463365204098746375e-01
1.401728228998968317e+00 9.256459759383521835e-01
1.414024090656853971e+00 6.818654712067970802e-01
1.426319952314739625e+00 2.650501142632912810e-01
1.438615813972625279e+00 1.571961933321075477e-01
1.450911675630511155e+00 3.428953927280094516e-01
1.463207537288396809e+00 4.184948418033934137e-01
1.475503398946282463e+00 3.760480518179452059e-01
1.487799260604168117e+00 -2.372279688168289769e-01
1.500095122262053771e+00 7.644746459864643073e-02
1.512390983919939424e+00 1.884742683702151922e-01
1.524686845577825078e+00 -1.242996766295410976e-01
1.536982707235710954e+00 -4.999874086712643440e-01
1.549278568893596608e+00 -1.081497198649949698e-01
1.561574430551482262e+00 -4.761190363914714063e-01
1.573870292209367916e+00 -5.861349906725764614e-01
1.586166153867253570e+00 -6.777307918392649899e-01
1.598462015525139224e+00 -5.738581143692864650e-01
1.610757877183024878e+00 -5.533680354741470353e-01
1.623053738840910754e+00 -1.048005255894671306e+00
1.635349600498796407e+00 -8.517540458915706658e-01
1.647645462156682061e+00 -5.617728403656619962e-01
1.659941323814567715e+00 -9.749902197774381607e-01
1.672237185472453369e+00 -9.274293138807488956e-01
1.684533047130339023e+00 -7.158671186480431992e-01
1.696828908788224677e+00 -1.108081257601185143e+00
1.709124770446110553e+00 -9.337864661695316482e-01
1.721420632103996207e+00 -1.141681018489986599e+00
1.733716493761881861e+00 -9.172281482959951937e-01
1.746012355419767514e+00 -1.158394319858738308e+00
1.758308217077653168e+00 -8.530091479584899217e-01
1.770604078735538822e+00 -1.255373814906381780e+00
1.782899940393424698e+00 -1.437551791027813053e+00
1.795195802051310352e+00 -1.183111398455392260e+00
1.807491663709196006e+00 -1.298795889756159561e+00
1.819787525367081660e+00 -9.927394665792458328e-01
1.832083387024967314e+00 -6.284085239687314806e-01
1.844379248682852968e+00 -1.088295815108780040e+00
1.856675110340738621e+00 -7.192861101217090658e-01
1.868970971998624497e+00 -1.100648928555887140e+00
1.881266833656510151e+00 -6.600367376171160094e-01
1.893562695314395805e+00 -9.232644245852652531e-01
1.905858556972281459e+00 -4.074611053521543513e-01
1.918154418630167113e+00 -3.678709192409454487e-01
1.930450280288052767e+00 -3.085004998627935424e-01
1.942746141945938421e+00 -5.503697235240485597e-01
1.955042003603824297e+00 -3.983864803643581975e-01
1.967337865261709950e+00 1.852275709264178671e-01
1.979633726919595604e+00 -5.520400112146974791e-01
1.991929588577481258e+00 5.571722084611187981e-02
2.004225450235367134e+00 -9.409751348153930217e-02
2.016521311893252566e+00 -7.771307955995458705e-02
2.028817173551138442e+00 2.041102438219894177e-01
2.041113035209023874e+00 -9.644338819775510885e-02
2.053408896866909750e+00 4.164048163638894851e-01
2.065704758524795182e+00 6.454355219524895437e-01
2.078000620182681057e+00 3.063483899697445612e-01
2.090296481840566933e+00 3.799639744818734677e-01
2.102592343498452365e+00 4.431976262618291251e-01
2.114888205156338241e+00 4.100936041680819932e-01
2.127184066814223673e+00 9.431949595347942639e-01
2.139479928472109549e+00 6.223525098114615073e-01
2.151775790129994981e+00 5.432024079405917139e-01
2.164071651787880857e+00 6.905217580528446586e-01
2.176367513445766733e+00 5.573244249644642156e-01
2.188663375103652164e+00 9.388982043835807367e-01
2.200959236761538040e+00 1.209096020358238599e+00
2.213255098419423472e+00 1.292653504136183740e+00
2.225550960077309348e+00 1.077363165489667596e+00
2.237846821735195224e+00 1.298352519390657989e+00
2.250142683393080656e+00 1.169277535558664427e+00
2.262438545050966532e+00 1.228876228420911820e+00
2.274734406708851964e+00 1.223612994931208675e+00
2.287030268366737840e+00 8.102022812397977614e-01
2.299326130024623271e+00 1.136253009844841566e+00
2.311621991682509147e+00 9.780188800209945743e-01
2.323917853340395023e+00 1.075608372042282657e+00
2.336213714998280455e+00 7.532041174568958608e-01
2.348509576656166331e+00 1.171451058796271205e+00
2.360805438314051763e+00 9.628370439710426387e-01
2.373101299971937639e+00 1.131660402248048758e+00
2.385397161629823071e+00 7.424142055792148920e-01
2.397693023287708947e+00 2.876515021354150714e-01
2.409988884945594823e+00 3.201774206376403753e-01
2.422284746603480254e+00 4.759462853530259108e-01
2.434580608261366130e+00 -5.071502565133095830e-02
2.446876469919251562e+00 1.288724493939819582e-01
2.459172331577137438e+00 1.821274669549704239e-01
2.471468193235022870e+00 1.279079895977558445e-01
2.483764054892908746e+00 1.632880607286585350e-01
2.496059916550794622e+00 -2.024549246022567528e-01
2.508355778208680054e+00 -2.037543899373848444e-01
2.520651639866565930e+00 -7.397048119858876114e-02
2.532947501524451361e+00 -1.160766271334817690e-01
2.545243363182337237e+00 -3.914005305370141796e-01
2.557539224840222669e+00 -4.874720947656556724e-01
2.569835086498108545e+00 -3.664058463406489885e-01
2.582130948155994421e+00 -5.501146588960585948e-01
2.594426809813879853e+00 -8.052163815150968906e-01
2.606722671471765729e+00 -1.084984815520850576e+00
2.619018533129651161e+00 -8.168806869281968197e-01
2.631314394787537037e+00 -8.109573576555454411e-01
2.643610256445422468e+00 -8.732943176818728226e-01
2.655906118103308344e+00 -8.701430547560462525e-01
2.668201979761194220e+00 -8.676840893671045052e-01
2.680497841419079652e+00 -1.152806317708781503e+00
2.692793703076965528e+00 -1.049041791714502514e+00
2.705089564734850960e+00 -9.905759475171160844e-01
2.717385426392736836e+00 -7.822033420421978800e-01
2.729681288050622268e+00 -1.133048272716461469e+00
2.741977149708508144e+00 -9.315640462417157375e-01
2.754273011366394019e+00 -1.237081275319352525e+00
2.766568873024279451e+00 -9.336329676226218233e-01
2.778864734682165327e+00 -8.210262788981073090e-01
2.791160596340050759e+00 -9.593409949425315553e-01
2.803456457997936635e+00 -9.560987183575954118e-01
2.815752319655822067e+00 -1.075311954202647691e+00
2.828048181313707943e+00 -9.903068888211844500e-01
2.840344042971593819e+00 -5.250783738665403266e-01
2.852639904629479251e+00 -8.420445213649488947e-01
2.864935766287365126e+00 -6.358031649125889251e-01
2.877231627945250558e+00 -8.508650316546744197e-01
2.889527489603136434e+00 -6.060081731197621835e-01
2.901823351261022310e+00 -6.056197161983849497e-01
2.914119212918907742e+00 -3.867874547553913911e-01
2.926415074576793618e+00 -5.901450079425558659e-01
2.938710936234679050e+00 -5.471277802858309780e-01
2.951006797892564926e+00 -4.501056046236576735e-01
2.963302659550450358e+00 -3.595051096090703946e-02
2.975598521208336233e+00 3.992362427180665141e-02
2.987894382866222109e+00 -2.283980573630588484e-01
3.000190244524107541e+00 3.327628676385703255e-01
3.012486106181993417e+00 -2.035378692202864936e-01
3.024781967839878849e+00 1.217144185589885685e-01
3.037077829497764725e+00 -1.585603507482130636e-03
3.049373691155650157e+00 2.040198860500960776e-01
3.061669552813536033e+00 2.561599409991314191e-01
3.073965414471421909e+00 4.294922626623409734e-01
3.086261276129307340e+00 3.475489780251036498e-01
3.098557137787193216e+00 1.531839810972159821e-01
3.110852999445078648e+00 8.477496543543676655e-01
3.123148861102964524e+00 7.943372157466656036e-01
3.135444722760849956e+00 4.228502677239779906e-01
3.147740584418735832e+00 4.656974332336822897e-01
3.160036446076621708e+00 9.110605938552810423e-01
3.172332307734507140e+00 8.865814481236350408e-01
3.184628169392393016e+00 5.820070827707576333e-01
3.196924031050278447e+00 8.704583741904735605e-01
3.209219892708164323e+00 8.532278594181301745e-01
3.221515754366049755e+00 1.009624066796347863e+00
3.233811616023935631e+00 1.202305972816069879e+00
3.246107477681821507e+00 1.326018732529004041e+00
3.258403339339706939e+00 7.838211016921678986e-01
3.270699200997592815e+00 1.183626453447144344e+00
3.282995062655478247e+00 1.333200472863226516e+00
3.295290924313364123e+00 9.974872857171069862e-01
3.307586785971249554e+00 7.415500470077778239e-01
3.319882647629135430e+00 6.225459928499795792e-01
3.332178509287021306e+00 1.007290544577498226e+00
3.344474370944906738e+00 1.062107077348426021e+00
3.356770232602792614e+00 6.385995801226792556e-01
3.369066094260678046e+00 5.596525589585459315e-01
3.381361955918563922e+00 3.861402414390862625e-01
3.393657817576449354e+00 7.248672681400987194e-01
3.405953679234335230e+00 3.878994171686174219e-01
3.418249540892221106e+00 4.983664820328824741e-01
3.430545402550106537e+00 2.463080520807627849e-01
3.442841264207992413e+00 8.049160415928496848e-02
3.455137125865877845e+00 -2.385282907931757235e-02
3.467432987523763721e+00 3.024929889447053322e-02
3.479728849181649597e+00 6.804011984238821087e-02
3.492024710839535029e+00 2.258907387246068543e-01
3.504320572497420905e+00 3.857852712347184521e-02
3.516616434155306337e+00 2.461529016463482877e-01
3.528912295813192213e+00 -3.051356610986100115e-01
3.541208157471077644e+00 -2.310423429147382968e-01
3.553504019128963520e+00 -5.867096132371545369e-01
3.565799880786849396e+00 -6.816974226579554097e-01
3.578095742444734828e+00 -4.888871026563041955e-01
3.590391604102620704e+00 -1.793939570333437095e-01
3.602687465760506136e+00 -4.818926840738708139e-01
3.614983327418392012e+00 -7.705987475206403925e-01
3.627279189076277444e+00 -8.614797200495829532e-01
3.639575050734163320e+00 -8.578169673204670831e-01
3.651870912392049195e+00 -8.671063812587451736e-01
3.664166774049934627e+00 -9.126938630068263114e-01
3.676462635707820503e+00 -9.295862947245090435e-01
3.688758497365705935e+00 -1.079972159514883012e+00
3.701054359023591811e+00 -4.837093606312974359e-01
3.713350220681477243e+00 -7.780055758126467325e-01
3.725646082339363119e+00 -9.926759424778086593e-01
3.737941943997248995e+00 -1.032015040292379116e+00
3.750237805655134427e+00 -1.109743694131063441e+00
3.762533667313020302e+00 -1.307186852724330883e+00
3.774829528970905734e+00 -1.177651961381095624e+00
3.787125390628791610e+00 -1.039118226887046248e+00
3.799421252286677042e+00 -9.854837387887468436e-01
3.811717113944562918e+00 -9.037164706385515389e-01
3.824012975602448794e+00 -9.330815945564709946e-01
3.836308837260334226e+00 -5.764047713305839871e-01
3.848604698918220102e+00 -9.849276259844121917e-01
3.860900560576105534e+00 -4.913731468986329287e-01
3.873196422233991409e+00 -7.719860049866908991e-01
3.885492283891876841e+00 -6.115259966760188126e-01
3.897788145549762717e+00 -6.060074195069815595e-01
3.910084007207648593e+00 -1.646266540841142545e-01
3.922379868865534025e+00 -4.636035788599635610e-01
3.934675730523419901e+00 -3.012552866208655367e-01
3.946971592181305333e+00 3.758680077687798216e-02
3.959267453839191209e+00 -1.303247153066001141e-01
3.971563315497076641e+00 -5.745312879865711597e-01
3.983859177154962516e+00 -2.672729555977275684e-01
3.996155038812848392e+00 -3.445169274736119558e-01
4.008450900470734268e+00 1.777088940095228331e-02
4.020746762128619700e+00 -2.074101812897911901e-01
4.033042623786505132e+00 3.286005261409581379e-01
4.045338485444390564e+00 4.931026550725854385e-01
4.057634347102276884e+00 -7.849785062616970732e-02
4.069930208760162316e+00 2.093126990021897393e-01
4.082226070418047748e+00 2.061539015683543918e-01
4.094521932075934068e+00 4.309032770409177981e-01
4.106817793733819499e+00 9.405796774259193027e-01
4.119113655391704931e+00 9.072207297152142802e-01
4.131409517049590363e+00 8.603945159845145518e-01
4.143705378707476683e+00 7.245431517102431940e-01
4.156001240365362115e+00 9.426401237832289226e-01
4.168297102023247547e+00 1.078558912088892985e+00
4.180592963681133867e+00 8.379024152414471516e-01
4.192888825339019299e+00 1.004032462435272999e+00
4.205184686996904730e+00 7.794461489181793157e-01
4.217480548654790162e+00 9.014946977548710105e-01
4.229776410312676482e+00 1.085053368872820112e+00
4.242072271970561914e+00 9.332794260359152938e-01
4.254368133628447346e+00 9.642623973860194875e-01
4.266663995286333666e+00 8.522559074877861240e-01
4.278959856944219098e+00 1.296662815462136464e+00
4.291255718602104530e+00 1.028815082988575158e+00
4.303551580259989962e+00 1.032974991107088902e+00
4.315847441917876282e+00 9.753741443595278504e-01
4.328143303575761713e+00 5.646383413256375050e-01
4.340439165233647145e+00 1.005316787223663022e+00
4.352735026891533465e+00 6.383265984621203648e-01
4.365030888549418897e+00 1.130669896167768362e+00
4.377326750207304329e+00 4.817299726983279573e-01
4.389622611865189761e+00 4.802024190000310777e-01
4.401918473523076081e+00 2.064721555809274078e-01
4.414214335180961513e+00 6.874270133107769354e-01
4.426510196838846944e+00 4.077912689497729670e-01
4.438806058496733264e+00 3.175334298984203163e-01
4.451101920154618696e+00 8.645829981078143045e-02
4.463397781812504128e+00 1.427702233292612033e-01
4.475693643470390448e+00 2.281578141121688441e-01
4.487989505128275880e+00 -5.396127983660566063e-02
4.500285366786161312e+00 -2.530833795990048915e-02
4.512581228444046744e+00 2.505954121272024882e-02
4.524877090101933064e+00 -2.489119581471180287e-02
4.537172951759818496e+00 7.142718150389279486e-02
4.549468813417703927e+00 -1.315464730675457161e-01
4.561764675075590247e+00 -4.757568482990371384e-01
4.574060536733475679e+00 -7.197545648883770797e-01
4.586356398391361111e+00 -6.643885513360493489e-01
4.598652260049246543e+00 -3.938325417778927307e-01
4.610948121707132863e+00 -5.305473508172803276e-01
4.623243983365018295e+00 -9.043703038030485031e-01
4.635539845022903727e+00 -7.771479665922975677e-01
4.647835706680790047e+00 -6.948679375315232054e-01
4.660131568338675478e+00 -8.962558677068827029e-01
4.672427429996560910e+00 -5.578886154203276382e-01
4.684723291654446342e+00 -1.121736307111866005e+00
4.697019153312332662e+00 -6.711161429023024816e-01
4.709315014970218094e+00 -1.019378274523196959e+00
4.721610876628103526e+00 -1.350735885484786625e+00
4.733906738285989846e+00 -9.437573675657265904e-01
4.746202599943875278e+00 -1.031738436453607077e+00
4.758498461601760710e+00 -9.354550363190599072e-01
4.770794323259646141e+00 -1.274094889757108939e+00
4.783090184917532461e+00 -7.370352770450780966e-01
4.795386046575417893e+00 -1.126534588472406728e+00
4.807681908233303325e+00 -6.661270689955416380e-01
4.819977769891189645e+00 -3.353288964964401542e-01
4.832273631549075077e+00 -8.650351336509425337e-01
4.844569493206960509e+00 -8.734891269790878710e-01
4.856865354864845941e+00 -1.009989735963202406e+00
4.869161216522732261e+00 -7.073770235138394646e-01
4.881457078180617692e+00 -8.813721115426331743e-01
4.893752939838503124e+00 -3.871125316720103182e-01
4.906048801496389444e+00 -7.222409524223069033e-01
4.918344663154274876e+00 -4.983634609660494430e-01
4.930640524812160308e+00 -2.745901981855722873e-01
4.942936386470045740e+00 -2.402639506138740111e-01
4.955232248127932060e+00 -2.535893177035047907e-01
4.967528109785817492e+00 1.765689270626915608e-01
4.979823971443702924e+00 -1.824987693003781997e-01
4.992119833101589244e+00 -3.018095079502957495e-02
5.004415694759474675e+00 1.478299594779372214e-02
5.016711556417360107e+00 -3.274559766480706346e-01
5.029007418075245539e+00 3.355168699760874285e-01
5.041303279733131859e+00 9.787552703774066165e-02
5.053599141391017291e+00 2.839019720911045708e-01
5.065895003048902723e+00 2.561348545909678531e-01
5.078190864706789043e+00 7.431924109389295152e-01
5.090486726364674475e+00 5.292385948085094327e-01
5.102782588022559906e+00 4.921033955509687696e-01
5.115078449680445338e+00 6.619260929142261052e-01
5.127374311338331658e+00 5.458097790936384808e-01
5.139670172996217090e+00 8.518343906615780670e-01
5.151966034654102522e+00 9.268248061163241180e-01
5.164261896311988842e+00 7.952665368198806872e-01
5.176557757969874274e+00 5.589196818209218875e-01
5.188853619627759706e+00 1.081708226907224013e+00
5.201149481285645138e+00 7.581095899684238137e-01
5.213445342943531458e+00 8.096310353542942595e-01
5.225741204601416889e+00 1.205438689921439099e+00
5.238037066259302321e+00 1.370360891133756809e+00
5.250332927917188641e+00 6.032581825137894871e-01
5.262628789575074073e+00 9.403369845652137515e-01
5.274924651232959505e+00 1.130431710899645559e+00
5.287220512890844937e+00 9.375069102641809815e-01
5.299516374548731257e+00 1.045037191540107102e+00
5.311812236206616689e+00 4.099026220962822542e-01
5.324108097864502120e+00 1.085753355594494263e+00
5.336403959522388440e+00 9.861579585757181965e-01
5.348699821180273872e+00 8.790699287877627999e-01
5.360995682838159304e+00 7.889960771094320924e-01
5.373291544496044736e+00 7.857642249304627180e-01
5.385587406153931056e+00 9.362576421310783159e-01
5.397883267811816488e+00 6.763142910429019716e-01
5.410179129469701920e+00 8.318027311663591661e-01
5.422474991127588240e+00 3.110310516166483463e-01
5.434770852785473672e+00 6.416239242425935130e-01
5.447066714443359103e+00 3.771826969932696727e-01
5.459362576101244535e+00 2.684286001919334308e-01
5.471658437759130855e+00 3.067312613086936590e-01
5.483954299417016287e+00 -8.353039344154866708e-02
5.496250161074901719e+00 -2.319939284577033078e-01
5.508546022732788039e+00 -1.702196223398969865e-01
5.520841884390673471e+00 -1.312329996282587952e-02
5.533137746048558903e+00 -3.805795234276754258e-01
5.545433607706444334e+00 -2.609860799729303849e-01
5.557729469364330654e+00 -3.614184720786966509e-01
5.570025331022216086e+00 -6.407544244130768396e-01
5.582321192680101518e+00 -4.826494640080264964e-01
5.594617054337987838e+00 -6.453606009423542567e-01
5.606912915995873270e+00 -4.791413972649994912e-01
5.619208777653758702e+00 -7.649356044345982930e-01
5.631504639311644134e+00 -4.466201329507483164e-01
5.643800500969530454e+00 -2.764678133996416598e-01
5.656096362627415886e+00 -5.916574141703303535e-01
5.668392224285301317e+00 -9.356581952934874824e-01
5.680688085943187637e+00 -9.174707234926801069e-01
5.692983947601073069e+00 -1.062564368991947061e+00
5.705279809258958501e+00 -1.166969403889331236e+00
5.717575670916844821e+00 -8.826439717790584005e-01
5.729871532574730253e+00 -1.308948425263049664e+00
5.742167394232615685e+00 -1.134641013718777458e+00
5.754463255890501117e+00 -1.003287674225699089e+00
5.766759117548387437e+00 -6.619377759590521215e-01
5.779054979206272868e+00 -8.518693176964583502e-01
5.791350840864158300e+00 -6.179125231433473253e-01
5.803646702522044620e+00 -1.325000916801603479e+00
5.815942564179930052e+00 -1.006337945877709306e+00
5.828238425837815484e+00 -9.008381048512509315e-01
5.840534287495700916e+00 -1.059114695121849525e+00
5.852830149153587236e+00 -1.129110565288472312e+00
5.865126010811472668e+00 -8.660737228662849230e-01
5.877421872469358100e+00 -7.267318737491020864e-01
5.889717734127244420e+00 -7.134938962783575755e-01
5.902013595785129851e+00 -6.188067388180943373e-01
5.914309457443015283e+00 -2.165546677850566648e-01
5.926605319100900715e+00 -5.015336466067621402e-01
5.938901180758787035e+00 -1.550219722261051980e-01
5.951197042416672467e+00 -5.944462847784046655e-01
5.963492904074557899e+00 -2.591787335396297798e-01
5.975788765732444219e+00 1.296360197543417747e-01
5.988084627390329651e+00 3.703311246285312386e-03
6.000380489048215082e+00 -8.117638824979664380e-02
6.012676350706100514e+00 -1.906525672062687471e-01
6.024972212363986834e+00 1.355313276480518969e-01
6.037268074021872266e+00 4.882795530230885084e-02
6.049563935679757698e+00 4.305286950505271548e-02
6.061859797337644018e+00 5.046491334896501257e-01
6.074155658995529450e+00 5.199934348839302389e-01
6.086451520653414882e+00 4.745667889522612315e-01
6.098747382311300314e+00 1.741682833970536470e-01
6.111043243969186634e+00 7.615244479706260172e-01
6.123339105627072065e+00 5.152054454871175526e-01
6.135634967284957497e+00 1.010326700454674320e+00
6.147930828942843817e+00 7.503546550273769711e-01
6.160226690600729249e+00 1.103714783482570239e+00
6.172522552258614681e+00 1.017141254612682566e+00
6.184818413916500113e+00 9.450880733211086682e-01
6.197114275574386433e+00 8.393001492055091051e-01
6.209410137232271865e+00 6.913320483364397973e-01
6.221705998890157296e+00 8.678024553186151069e-01
6.234001860548043616e+00 1.033058916254512072e+00
6.246297722205929048e+00 6.737386190254857077e-01
6.258593583863814480e+00 9.712957745998335168e-01
6.270889445521699912e+00 8.049337961690952170e-01
6.283185307179586232e+00 1.095865453155171476e+00
