0.000000000000000000e+00 -3.230877692193154793e-01
1.229586165788568684e-02 2.615755420330896364e-01
2.459172331577137369e-02 -5.349829951569731734e-02
3.688758497365705880e-02 4.396280195946645764e-01
4.918344663154274737e-02 7.493425560345540193e-01
6.147930828942843595e-02 4.320415440155644382e-01
7.377516994731411759e-02 4.988283552205421412e-01
8.607103160519981311e-02 4.818505828753804621e-01
9.836689326308549475e-02 8.408853847535709969e-01
1.106627549209711764e-01 7.885786037557127592e-01
1.229586165788568719e-01 5.399515866972006695e-01
1.352544782367425535e-01 9.625361559179720361e-01
1.475503398946282352e-01 9.462668290254832026e-01
1.598462015525139168e-01 8.498677859749208530e-01
1.721420632103996262e-01 1.119638407742504560e+00
1.844379248682853079e-01 1.118681315804143317e+00
1.967337865261709895e-01 1.140822533857186460e+00
2.090296481840566711e-01 9.018883470173553185e-01
2.213255098419423528e-01 1.017776388413457855e+00
2.336213714998280622e-01 9.775321958364299180e-01
2.459172331577137438e-01 6.105039206246531958e-01
2.582130948155993977e-01 5.924645214048521735e-01
2.705089564734851071e-01 7.426017380517443423e-01
2.828048181313708165e-01 2.635258529133864824e-01
2.951006797892564704e-01 5.156445818555273064e-01
3.073965414471421798e-01 2.046714163033097333e-01
3.196924031050278336e-01 -5.275642409457924620e-01
3.319882647629135430e-01 -2.656684688420992702e-01
3.442841264207992524e-01 3.390095681915552550e-01
3.565799880786849063e-01 -5.740019125398334587e-01
3.688758497365706157e-01 -5.737724502764851575e-01
3.811717113944562696e-01 -3.982889558231839100e-01
3.934675730523419790e-01 -5.903206781318457441e-01
4.057634347102276884e-01 -2.479057478631995215e-01
4.180592963681133423e-01 -8.866494767588799508e-01
4.303551580259990517e-01 -8.526549695533410800e-01
4.426510196838847055e-01 -5.780503280816324807e-01
4.549468813417704149e-01 -7.848006326007290756e-01
4.672427429996561243e-01 -1.088829584358941727e+00
4.795386046575417782e-01 -1.099000177786132459e+00
4.918344663154274876e-01 -1.173719079053337389e+00
5.041303279733131415e-01 -8.293378533528323882e-01
5.164261896311987954e-01 -8.600304607032717152e-01
5.287220512890845603e-01 -9.094846676211367775e-01
5.410179129469702142e-01 -7.546115821068686280e-01
5.533137746048558681e-01 -8.445721518521329685e-01
5.656096362627416330e-01 -7.343569642841115686e-01
5.779054979206272868e-01 -9.795151808879668520e-01
5.902013595785129407e-01 -8.780277883351621515e-01
6.024972212363987056e-01 -4.836674025199241278e-01
6.147930828942843595e-01 -3.290876833261054957e-01
6.270889445521700134e-01 -6.005136343585883996e-01
6.393848062100556673e-01 -1.067310656761263910e-02
6.516806678679414322e-01 -4.203503710369768109e-01
6.639765295258270861e-01 -3.038011527220252361e-01
6.762723911837127400e-01 7.401900880125628079e-03
6.885682528415985049e-01 1.038507296487283099e-01
7.008641144994841587e-01 2.692308361233557434e-01
7.131599761573698126e-01 4.618416557809197354e-01
7.254558378152555775e-01 8.794707176277901661e-01
7.377516994731412314e-01 2.903769452739097812e-01
7.500475611310268853e-01 8.806409242225495815e-01
7.623434227889125392e-01 8.536755111695828457e-01
7.746392844467983041e-01 1.127695694268226578e+00
7.869351461046839580e-01 6.546454138275419332e-01
7.992310077625696119e-01 9.541847873892599363e-01
8.115268694204553768e-01 1.383041142388153233e+00
8.238227310783410307e-01 8.719621605743255177e-01
8.361185927362266845e-01 1.082809534817005481e+00
8.484144543941123384e-01 6.623386890620814871e-01
8.607103160519981033e-01 8.211614965378997155e-01
8.730061777098837572e-01 8.982186676259812375e-01
8.853020393677694111e-01 8.834042498718616132e-01
8.975979010256551760e-01 8.704507359956922263e-01
9.098937626835408299e-01 8.181122338630113511e-01
9.221896243414264838e-01 5.205218781120849458e-01
9.344854859993122487e-01 5.209241598459964928e-01
9.467813476571979026e-01 3.541388699662349482e-01
9.590772093150835564e-01 4.418331568697647649e-01
9.713730709729692103e-01 2.044240334263597303e-01
9.836689326308549752e-01 5.183784136528967190e-01
9.959647942887406291e-01 2.783034615215030372e-01
1.008260655946626283e+00 1.443660079946251784e-01
1.020556517604511937e+00 -1.874251432509706217e-01
1.032852379262397591e+00 -1.324035538970713688e-01
1.045148240920283467e+00 -7.316340172215749504e-01
1.057444102578169121e+00 -4.852112189022617095e-01
1.069739964236054774e+00 -9.630689935804835899e-01
1.082035825893940428e+00 -7.579854412490634186e-01
1.094331687551826082e+00 -8.993917248351603888e-01
1.106627549209711736e+00 -5.923964940614973029e-01
1.118923410867597612e+00 -1.123044164523800292e+00
1.131219272525483266e+00 -9.393581951119236439e-01
1.143515134183368920e+00 -1.031157113112491253e+00
1.155810995841254574e+00 -9.127549744008901511e-01
1.168106857499140228e+00 -7.500455859253580826e-01
1.180402719157025881e+00 -1.103417175721933763e+00
1.192698580814911535e+00 -1.217882617554530311e+00
1.204994442472797411e+00 -1.224516428807993940e+00
1.217290304130683065e+00 -7.894899523146000631e-01
1.229586165788568719e+00 -1.051645886934602370e+00
1.241882027446454373e+00 -7.764612886273020154e-01
1.254177889104340027e+00 -8.950011300444097317e-01
1.266473750762225681e+00 -5.288088586297358118e-01
1.278769612420111335e+00 -6.680690401746988138e-01
1.291065474077997211e+00 -1.543916782110287822e-01
1.303361335735882864e+00 -6.678399324770649681e-01
1.315657197393768518e+00 8.278084234573016009e-02
1.327953059051654172e+00 1.534218885183787906e-01
1.340248920709539826e+00 4.415871394086803847e-02
1.352544782367425480e+00 1.304413056668390636e-01
1.364840644025311134e+00 6.883907591969740114e-01
1.377136505683197010e+00 4.233695578994078335e-01
1.389432367341082664e+00 4.566498194235844577e-01
1.401728228998968317e+00 6.773938065213251924e-01
1.414024090656853971e+00 7.433533129219405122e-01
1.426319952314739625e+00 9.549954596095652226e-01
1.438615813972625279e+00 6.982353492122491678e-01
1.450911675630511155e+00 1.383148722126593011e+00
1.463207537288396809e+00 8.459251707135343468e-01
1.475503398946282463e+00 7.042179214225225969e-01
1.487799260604168117e+00 9.021860074461295342e-01
1.500095122262053771e+00 1.041371348134513486e+00
1.512390983919939424e+00 7.907959984864981751e-01
1.524686845577825078e+00 9.298317050811296669e-01
1.536982707235710954e+00 1.225476466337928283e+00
1.549278568893596608e+00 1.262939205348380778e+00
1.561574430551482262e+00 7.835964106063254553e-01
1.573870292209367916e+00 7.378681652891936338e-01
1.586166153867253570e+00 4.828242164848570717e-01
1.598462015525139224e+00 5.624385310503456914e-01
1.610757877183024878e+00 3.129933133203849360e-01
1.623053738840910754e+00 3.752290943777844001e-01
1.635349600498796407e+00 9.102994876386133472e-02
1.647645462156682061e+00 3.318211669397885810e-01
1.659941323814567715e+00 5.785038589589262814e-02
1.672237185472453369e+00 1.151861511499714108e-01
1.684533047130339023e+00 -1.378354447125174909e-01
1.696828908788224677e+00 -4.699406512966521343e-01
1.709124770446110553e+00 -5.666264277959124351e-01
1.721420632103996207e+00 -6.781124209410847037e-01
1.733716493761881861e+00 -7.556364096244656547e-01
1.746012355419767514e+00 -4.211296156485908049e-01
1.758308217077653168e+00 -9.961672554008826896e-01
1.770604078735538822e+00 -8.909640987514002575e-01
1.782899940393424698e+00 -9.604454429664378567e-01
1.795195802051310352e+00 -1.077103253168491426e+00
1.807491663709196006e+00 -1.052692342948267967e+00
1.819787525367081660e+00 -1.067189879859336665e+00
1.832083387024967314e+00 -9.914605609681845788e-01
1.844379248682852968e+00 -9.801496149104315103e-01
1.856675110340738621e+00 -1.037598004914827898e+00
1.868970971998624497e+00 -9.751543763882598581e-01
1.881266833656510151e+00 -1.150459879138211683e+00
1.893562695314395805e+00 -7.729094418071246197e-01
1.905858556972281459e+00 -7.951276000392296650e-01
1.918154418630167113e+00 -6.037219604107392223e-01
1.930450280288052767e+00 -5.725536196987279780e-01
1.942746141945938421e+00 -5.525790251245866758e-01
1.955042003603824297e+00 -5.019041271255461067e-01
1.967337865261709950e+00 -1.391557424251999575e-01
1.979633726919595604e+00 1.887958310668391426e-01
1.991929588577481258e+00 4.224768470606871107e-02
2.004225450235367134e+00 -4.644537329982793838e-02
2.016521311893252566e+00 1.949018289077994459e-01
2.028817173551138442e+00 6.964129859845100134e-02
2.041113035209023874e+00 -1.359156934767283276e-01
2.053408896866909750e+00 4.123986675783418709e-01
2.065704758524795182e+00 4.471246265467230807e-01
2.078000620182681057e+00 8.221115595631889317e-01
2.090296481840566933e+00 6.352828457355463865e-01
2.102592343498452365e+00 7.894662465328227130e-01
2.114888205156338241e+00 9.334148705154428072e-01
2.127184066814223673e+00 9.872211013809717439e-01
2.139479928472109549e+00 1.090759450656483498e+00
2.151775790129994981e+00 9.206111676360690943e-01
2.164071651787880857e+00 1.174124749733884698e+00
2.176367513445766733e+00 7.718074826487990592e-01
2.188663375103652164e+00 9.090893129557163777e-01
2.200959236761538040e+00 9.687855397340000563e-01
2.213255098419423472e+00 1.072871722355390300e+00
2.225550960077309348e+00 6.605775504878442783e-01
2.237846821735195224e+00 8.374756350418599560e-01
2.250142683393080656e+00 7.194186862434083229e-01
2.262438545050966532e+00 9.189543640262363144e-01
2.274734406708851964e+00 5.462488358145122236e-01
2.287030268366737840e+00 4.650138477293852546e-01
2.299326130024623271e+00 4.707961959835867960e-01
2.311621991682509147e+00 5.505446332670814735e-01
2.323917853340395023e+00 -1.356605000391533089e-01
2.336213714998280455e+00 -3.329435225094275197e-03
2.348509576656166331e+00 -4.205458465591898620e-01
2.360805438314051763e+00 -3.042926131473772111e-01
2.373101299971937639e+00 -5.491379519664243425e-01
2.385397161629823071e+00 -7.229945803621822265e-01
2.397693023287708947e+00 -6.418413909115080473e-01
2.409988884945594823e+00 -5.827608949978835273e-01
2.422284746603480254e+00 -8.922255089771919945e-01
2.434580608261366130e+00 -7.394928799590902990e-01
2.446876469919251562e+00 -7.630259417052999149e-01
2.459172331577137438e+00 -7.632212845240863297e-01
2.471468193235022870e+00 -4.788018876448093541e-01
2.483764054892908746e+00 -1.019845640541819032e+00
2.496059916550794622e+00 -1.175028656035217445e+00
2.508355778208680054e+00 -1.033525575971953048e+00
2.520651639866565930e+00 -9.468391663709597728e-01
2.532947501524451361e+00 -9.784689919560776161e-01
2.545243363182337237e+00 -6.635398409005205389e-01
2.557539224840222669e+00 -8.222752435019725636e-01
2.569835086498108545e+00 -9.399578552002750831e-01
2.582130948155994421e+00 -5.046534206109535292e-01
2.594426809813879853e+00 -7.381693371507460633e-01
2.606722671471765729e+00 -4.100403272198914761e-01
2.619018533129651161e+00 -4.912813465842308935e-01
2.631314394787537037e+00 -1.521171303419658893e-01
2.643610256445422468e+00 -1.502588336317192685e-01
2.655906118103308344e+00 -4.503071271996814118e-01
2.668201979761194220e+00 7.736547613302058313e-04
2.680497841419079652e+00 6.095507721195882189e-02
2.692793703076965528e+00 3.573454816488708108e-01
2.705089564734850960e+00 -2.068796631920713502e-01
2.717385426392736836e+00 6.724151367304876947e-01
2.729681288050622268e+00 2.444776110204061603e-01
2.741977149708508144e+00 7.715461361310831379e-01
2.754273011366394019e+00 8.505021491690418767e-01
2.766568873024279451e+00 3.629401901872705838e-01
2.778864734682165327e+00 8.799852392541298585e-01
2.791160596340050759e+00 9.608804178001302265e-01
2.803456457997936635e+00 8.885965936917690211e-01
2.815752319655822067e+00 8.228842094845936206e-01
2.828048181313707943e+00 1.055693190759304789e+00
2.840344042971593819e+00 9.478353329692900120e-01
2.852639904629479251e+00 1.039823241573956336e+00
2.864935766287365126e+00 8.767438718044087143e-01
2.877231627945250558e+00 8.892592424211148705e-01
2.889527489603136434e+00 8.972503667023793428e-01
2.901823351261022310e+00 1.067001691010780462e+00
2.914119212918907742e+00 6.424326222487473093e-01
2.926415074576793618e+00 2.933795640936155968e-01
2.938710936234679050e+00 4.914571630206687747e-01
2.951006797892564926e+00 3.317769048711489699e-01
2.963302659550450358e+00 4.139716790991294637e-01
2.975598521208336233e+00 3.086566540003501391e-01
2.987894382866222109e+00 -1.528743567994122476e-01
3.000190244524107541e+00 2.947273452744246236e-01
3.012486106181993417e+00 1.857124366717213260e-01
3.024781967839878849e+00 -1.922769762071471211e-01
3.037077829497764725e+00 -3.245401834512828820e-01
3.049373691155650157e+00 -1.025296925780803670e-01
3.061669552813536033e+00 -4.278822845610699699e-01
3.073965414471421909e+00 -4.881104988727500427e-01
3.086261276129307340e+00 -9.197422617472698070e-01
3.098557137787193216e+00 -7.312790386733074577e-01
3.110852999445078648e+00 -8.361002525984927436e-01
3.123148861102964524e+00 -1.124045305594913780e+00
3.135444722760849956e+00 -9.130642225977190218e-01
3.147740584418735832e+00 -9.846078117959777831e-01
3.160036446076621708e+00 -9.295553834877430255e-01
3.172332307734507140e+00 -1.134929003246246237e+00
3.184628169392393016e+00 -1.133951488363026172e+00
3.196924031050278447e+00 -7.269541381310558048e-01
3.209219892708164323e+00 -7.089178952010287693e-01
3.221515754366049755e+00 -9.793604843396014337e-01
3.233811616023935631e+00 -6.786190469656999680e-01
3.246107477681821507e+00 -8.201861110612704842e-01
3.258403339339706939e+00 -6.200868561571767357e-01
3.270699200997592815e+00 -4.054076474367979688e-01
3.282995062655478247e+00 -6.273805857279926013e-01
3.295290924313364123e+00 -3.132612187063119613e-01
3.307586785971249554e+00 1.014314104026090013e-02
3.319882647629135430e+00 -3.336813900762024276e-02
3.332178509287021306e+00 1.783396874687082634e-01
3.344474370944906738e+00 2.760743396235450509e-01
3.356770232602792614e+00 -3.286931669323256422e-02
3.369066094260678046e+00 8.942181081914146734e-02
3.381361955918563922e+00 4.315176672666221069e-01
3.393657817576449354e+00 3.872288967795087800e-01
3.405953679234335230e+00 5.948670221852592199e-01
3.418249540892221106e+00 3.430551503466094387e-01
3.430545402550106537e+00 7.785578409598794547e-01
3.442841264207992413e+00 7.314349185175910151e-01
3.455137125865877845e+00 8.154859281207084143e-01
3.467432987523763721e+00 8.670657574534126333e-01
3.479728849181649597e+00 1.174449536066700883e+00
3.492024710839535029e+00 9.878349778188971753e-01
3.504320572497420905e+00 1.026968906576937846e+00
3.516616434155306337e+00 9.487143387368649483e-01
3.528912295813192213e+00 1.167882484532904996e+00
3.541208157471077644e+00 6.999916583654122171e-01
3.553504019128963520e+00 9.521915483716070217e-01
3.565799880786849396e+00 5.853980336878749080e-01
3.578095742444734828e+00 2.777303104713420012e-01
3.590391604102620704e+00 9.366413216622335725e-01
3.602687465760506136e+00 2.111516012965928835e-01
3.614983327418392012e+00 3.739183944572229690e-01
3.627279189076277444e+00 4.725149666059814679e-01
3.639575050734163320e+00 2.392857675825091901e-01
3.651870912392049195e+00 1.357019757138433758e-01
3.664166774049934627e+00 4.659424815925968244e-01
3.676462635707820503e+00 -3.547245984541836372e-01
3.688758497365705935e+00 -4.139294736937985109e-01
3.701054359023591811e+00 -9.278301378122050247e-02
3.713350220681477243e+00 -2.900602699944968554e-01
3.725646082339363119e+00 -5.140070021653245780e-01
3.737941943997248995e+00 -4.767237911945162998e-01
3.750237805655134427e+00 -6.923451343807790481e-01
3.762533667313020302e+00 -1.128522883780809227e+00
3.774829528970905734e+00 -1.124823143963886274e+00
3.787125390628791610e+00 -1.010805609597632770e+00
3.799421252286677042e+00 -6.100869219419231548e-01
3.811717113944562918e+00 -8.601381539709406221e-01
3.824012975602448794e+00 -1.232432399414191027e+00
3.836308837260334226e+00 -9.007166407225977167e-01
3.848604698918220102e+00 -9.518315710059727097e-01
3.860900560576105534e+00 -9.859684269615874852e-01
3.873196422233991409e+00 -9.659529760750621419e-01
3.885492283891876841e+00 -8.413116884541613771e-01
3.897788145549762717e+00 -4.521368267552804965e-01
3.910084007207648593e+00 -6.662281793800287621e-01
3.922379868865534025e+00 -7.407491684587049763e-01
3.934675730523419901e+00 -1.876940611128196656e-01
3.946971592181305333e+00 -9.752338655464914963e-01
3.959267453839191209e+00 -3.024037257819032765e-01
3.971563315497076641e+00 -3.354329394646614615e-01
3.983859177154962516e+00 -5.547160372079247281e-01
3.996155038812848392e+00 2.934369149134720134e-01
4.008450900470734268e+00 2.658269562045668111e-01
4.020746762128619700e+00 8.481975527001561765e-02
4.033042623786505132e+00 1.331939947277907821e-01
4.045338485444390564e+00 2.785663899047436942e-01
4.057634347102276884e+00 3.992120440685830163e-01
4.069930208760162316e+00 5.803421302123400460e-01
4.082226070418047748e+00 7.628661480587276555e-01
4.094521932075934068e+00 6.672960411443429329e-01
4.106817793733819499e+00 8.501160115450177024e-01
4.119113655391704931e+00 1.184703829455783008e+00
4.131409517049590363e+00 1.205597675747173581e+00
4.143705378707476683e+00 8.803978123034336134e-01
4.156001240365362115e+00 9.670898268121734809e-01
4.168297102023247547e+00 8.356564884340325072e-01
4.180592963681133867e+00 6.253428263245923713e-01
4.192888825339019299e+00 9.361080534511624363e-01
4.205184686996904730e+00 8.969101651761465233e-01
4.217480548654790162e+00 8.230256946062596279e-01
4.229776410312676482e+00 9.289227691531470876e-01
4.242072271970561914e+00 3.458894632632927846e-01
4.254368133628447346e+00 9.607713676768443456e-01
4.266663995286333666e+00 6.361931242448528590e-01
4.278959856944219098e+00 3.054528572205312265e-01
4.291255718602104530e+00 4.745206519439006954e-01
4.303551580259989962e+00 1.054990842323718925e-01
4.315847441917876282e+00 1.322735607427492910e-01
4.328143303575761713e+00 -1.132572436845058900e-01
4.340439165233647145e+00 -2.638629788706352564e-01
4.352735026891533465e+00 7.156729484355450754e-02
4.365030888549418897e+00 -4.967710157595475184e-01
4.377326750207304329e+00 -3.805269253088542913e-01
4.389622611865189761e+00 -6.874954692834907011e-01
4.401918473523076081e+00 -5.528089732701841896e-01
4.414214335180961513e+00 -7.055418022140579337e-01
4.426510196838846944e+00 -7.727877118600604556e-01
4.438806058496733264e+00 -9.438393000327829352e-01
4.451101920154618696e+00 -8.645906632150802684e-01
4.463397781812504128e+00 -1.055258483661833280e+00
4.475693643470390448e+00 -9.470405881426611217e-01
4.487989505128275880e+00 -9.435520741248050181e-01
4.500285366786161312e+00 -8.590601097913963535e-01
4.512581228444046744e+00 -9.182896864580826213e-01
4.524877090101933064e+00 -1.105990171567464708e+00
4.537172951759818496e+00 -9.780052475408754775e-01
4.549468813417703927e+00 -9.350678443071267498e-01
4.561764675075590247e+00 -7.604956458750418147e-01
4.574060536733475679e+00 -9.820472657806598171e-01
4.586356398391361111e+00 -6.019176258591818485e-01
4.598652260049246543e+00 -8.154468434483403971e-01
4.610948121707132863e+00 -6.987104793000908920e-01
4.623243983365018295e+00 -6.108261459027348739e-01
4.635539845022903727e+00 -2.724514529616612890e-01
4.647835706680790047e+00 9.179574993356620638e-02
4.660131568338675478e+00 -2.255869455903143916e-01
4.672427429996560910e+00 -9.909292494261803808e-02
4.684723291654446342e+00 9.296092521890847449e-02
4.697019153312332662e+00 3.091388705558786310e-01
4.709315014970218094e+00 4.137588728781170233e-01
4.721610876628103526e+00 4.783123274165783645e-01
4.733906738285989846e+00 4.393374587159053490e-01
4.746202599943875278e+00 4.525139724890581139e-01
4.758498461601760710e+00 8.734601846881568932e-01
4.770794323259646141e+00 1.048250336868493893e+00
4.783090184917532461e+00 9.146641261333900985e-01
4.795386046575417893e+00 9.367685583548081008e-01
4.807681908233303325e+00 1.061953259222693013e+00
4.819977769891189645e+00 1.251623956654797531e+00
4.832273631549075077e+00 1.091182373251301074e+00
4.844569493206960509e+00 1.172630798242837669e+00
4.856865354864845941e+00 1.068994792318046505e+00
4.869161216522732261e+00 9.698450345341642631e-01
4.881457078180617692e+00 6.887078999285836112e-01
4.893752939838503124e+00 6.849448899998856755e-01
4.906048801496389444e+00 8.481077578021306573e-01
4.918344663154274876e+00 1.067364477627102959e+00
4.930640524812160308e+00 2.817600337835722835e-01
4.942936386470045740e+00 7.772191424840730889e-01
4.955232248127932060e+00 6.742128175848413063e-01
4.967528109785817492e+00 4.894647347696263751e-01
4.979823971443702924e+00 1.263750288986035808e-01
4.992119833101589244e+00 2.240448426834488749e-01
5.004415694759474675e+00 9.044622566576732137e-02
5.016711556417360107e+00 1.679386579698398940e-01
5.029007418075245539e+00 -5.855102090334116660e-01
5.041303279733131859e+00 -4.231041412961830117e-01
5.053599141391017291e+00 -4.142528600575726694e-01
5.065895003048902723e+00 -7.045766060846748724e-01
5.078190864706789043e+00 -5.671961736622820327e-01
5.090486726364674475e+00 -8.451335795573772236e-01
5.102782588022559906e+00 -9.052011015853361764e-01
5.115078449680445338e+00 -5.067427736699425811e-01
5.127374311338331658e+00 -1.158375473955612689e+00
5.139670172996217090e+00 -1.117198033552621705e+00
5.151966034654102522e+00 -7.910797483265865626e-01
5.164261896311988842e+00 -9.431342442572518969e-01
5.176557757969874274e+00 -1.247558035684102062e+00
5.188853619627759706e+00 -1.013489060586638235e+00
5.201149481285645138e+00 -9.248757477900275692e-01
5.213445342943531458e+00 -7.494061932352805711e-01
5.225741204601416889e+00 -8.724966673481542312e-01
5.238037066259302321e+00 -6.484815153629844842e-01
5.250332927917188641e+00 -5.979484891810289415e-01
5.262628789575074073e+00 -2.706735986552430973e-01
5.274924651232959505e+00 -4.964469631655780701e-01
5.287220512890844937e+00 -2.362459635345394438e-01
5.299516374548731257e+00 -5.795482945797522101e-01
5.311812236206616689e+00 -3.875179477024879304e-01
5.324108097864502120e+00 -1.311460667444935835e-01
5.336403959522388440e+00 -1.384750604501338023e-01
5.348699821180273872e+00 2.061059717714123773e-01
5.360995682838159304e+00 2.184838370915733463e-01
5.373291544496044736e+00 2.783224067558173198e-01
5.385587406153931056e+00 2.029588002223153276e-01
5.397883267811816488e+00 5.915554055640048770e-01
5.410179129469701920e+00 7.252151220247892160e-01
5.422474991127588240e+00 6.702469445640633072e-01
5.434770852785473672e+00 8.237465639907304293e-01
5.447066714443359103e+00 7.651921651622681786e-01
5.459362576101244535e+00 1.006152332277014505e+00
5.471658437759130855e+00 1.188502251193748416e+00
5.483954299417016287e+00 9.776497510644135414e-01
5.496250161074901719e+00 1.172342028445579887e+00
5.508546022732788039e+00 9.727807294574368768e-01
5.520841884390673471e+00 1.058716907701744647e+00
5.533137746048558903e+00 9.438308691936995176e-01
5.545433607706444334e+00 8.236190772074145627e-01
5.557729469364330654e+00 1.081891854624491556e+00
5.570025331022216086e+00 9.216968943037314732e-01
5.582321192680101518e+00 6.319382456992234109e-01
5.594617054337987838e+00 5.144708454868743841e-01
5.606912915995873270e+00 1.932923142790152204e-01
5.619208777653758702e+00 2.745431861170779531e-01
5.631504639311644134e+00 1.382995928878205660e-02
5.643800500969530454e+00 4.627481339729299648e-01
5.656096362627415886e+00 -3.399253469886187595e-02
5.668392224285301317e+00 -2.254001254172000729e-02
5.680688085943187637e+00 -8.229801438723458040e-02
5.692983947601073069e+00 -3.970697441763407776e-01
5.705279809258958501e+00 -2.233946817404677543e-01
5.717575670916844821e+00 -3.236377044376063106e-01
5.729871532574730253e+00 -7.809623774408402941e-01
5.742167394232615685e+00 -6.174999216297467619e-01
5.754463255890501117e+00 -8.340500842182714258e-01
5.766759117548387437e+00 -8.724868782522562372e-01
5.779054979206272868e+00 -5.419053071066866067e-01
5.791350840864158300e+00 -9.806272298331679682e-01
5.803646702522044620e+00 -9.415450781432632699e-01
5.815942564179930052e+00 -7.498284721474803849e-01
5.828238425837815484e+00 -9.983004020799480793e-01
5.840534287495700916e+00 -1.027063271645196618e+00
5.852830149153587236e+00 -1.014146301933624317e+00
5.865126010811472668e+00 -1.034051879191195233e+00
5.877421872469358100e+00 -1.045842753419797821e+00
5.889717734127244420e+00 -9.599254031552602040e-01
5.902013595785129851e+00 -8.810082271868940884e-01
5.914309457443015283e+00 -7.960080626985958085e-01
5.926605319100900715e+00 -5.171224066500693661e-01
5.938901180758787035e+00 -4.451621664943802292e-01
5.951197042416672467e+00 -4.241501322092244286e-01
5.963492904074557899e+00 -5.041019142531522057e-01
5.975788765732444219e+00 -1.590817711911329257e-01
5.988084627390329651e+00 -3.480317496568117175e-01
6.000380489048215082e+00 -3.281632021792559722e-02
6.012676350706100514e+00 -2.799240164303882228e-01
6.024972212363986834e+00 1.757681056844545286e-01
6.037268074021872266e+00 7.450858411090730549e-01
6.049563935679757698e+00 4.996347030055019456e-01
6.061859797337644018e+00 5.952699473275147035e-01
6.074155658995529450e+00 7.668572358641760900e-01
6.086451520653414882e+00 8.774652107255338507e-01
6.098747382311300314e+00 7.902361964362512037e-01
6.111043243969186634e+00 7.771772414323203648e-01
6.123339105627072065e+00 1.059692892869833702e+00
6.135634967284957497e+00 6.015884502060817596e-01
6.147930828942843817e+00 7.643055590229259622e-01
6.160226690600729249e+00 7.668829389457494372e-01
6.172522552258614681e+00 1.063522771656316035e+00
6.184818413916500113e+00 1.134795569549687633e+00
6.197114275574386433e+00 1.144425473691099704e+00
6.209410137232271865e+00 8.160451471643770383e-01
6.221705998890157296e+00 8.948175666640258985e-01
6.234001860548043616e+00 9.489453066957389549e-01
6.246297722205929048e+00 1.232058190410134868e+00
6.258593583863814480e+00 6.851184784715510512e-01
6.270889445521699912e+00 7.986962145359441934e-01
6.283185307179586232e+00 6.293518491374070489e-01
