0.000000000000000000e+00 -1.302683688482448032e-01
1.229586165788568684e-02 -7.384491633555756440e-03
2.459172331577137369e-02 1.363018631929100166e-01
3.688758497365705880e-02 6.928378462518205438e-01
4.918344663154274737e-02 6.539566754232962742e-01
6.147930828942843595e-02 1.012386488997119693e+00
7.377516994731411759e-02 7.533729754794540323e-01
8.607103160519981311e-02 1.258490944417992585e+00
9.836689326308549475e-02 1.051726112045037187e+00
1.106627549209711764e-01 9.156842167762813123e-01
1.229586165788568719e-01 1.153623565666634487e+00
1.352544782367425535e-01 1.228966808926825527e+00
1.475503398946282352e-01 7.543772207327865686e-01
1.598462015525139168e-01 4.954694841099698266e-01
1.721420632103996262e-01 2.556271801020548740e-01
1.844379248682853079e-01 4.490139715429021239e-01
1.967337865261709895e-01 -1.688747076492821964e-01
2.090296481840566711e-01 -9.227154881538834896e-02
2.213255098419423528e-01 -1.966001863736044075e-01
2.336213714998280622e-01 -5.893653512736111155e-01
2.459172331577137438e-01 -7.186011375452068251e-01
2.582130948155993977e-01 -9.791152492839771959e-01
2.705089564734851071e-01 -1.150115169233414170e+00
2.828048181313708165e-01 -9.760844490401078266e-01
2.951006797892564704e-01 -1.057768929335853869e+00
3.073965414471421798e-01 -1.061862557424377851e+00
3.196924031050278336e-01 -8.050192851903098523e-01
3.319882647629135430e-01 -9.595778589840645578e-01
3.442841264207992524e-01 -5.910871335187278808e-01
3.565799880786849063e-01 -7.983630585939147650e-01
3.688758497365706157e-01 -8.205380455285666841e-01
3.811717113944562696e-01 -2.355910741976976475e-01
3.934675730523419790e-01 -6.469390479303855912e-01
4.057634347102276884e-01 2.009294542137200767e-01
4.180592963681133423e-01 -5.747493804515468874e-02
4.303551580259990517e-01 5.792807280568341710e-01
4.426510196838847055e-01 3.873447624033680148e-01
4.549468813417704149e-01 5.940330165752099045e-01
4.672427429996561243e-01 1.163003771408087639e+00
4.795386046575417782e-01 1.401147045675023239e+00
4.918344663154274876e-01 8.089915145192427826e-01
5.041303279733131415e-01 1.153995140596277835e+00
5.164261896311987954e-01 1.017933433844764979e+00
5.287220512890845603e-01 9.780887992555604704e-01
5.410179129469702142e-01 7.192854920341327229e-01
5.533137746048558681e-01 7.701661842514175849e-01
5.656096362627416330e-01 8.683540714067705668e-02
5.779054979206272868e-01 6.451529701300553477e-01
5.902013595785129407e-01 3.038797907957456190e-01
6.024972212363987056e-01 2.692335715489732051e-01
6.147930828942843595e-01 -4.060431039105234508e-01
6.270889445521700134e-01 -5.223050597027937281e-01
6.393848062100556673e-01 -6.500040111136314858e-01
6.516806678679414322e-01 -6.172489432316620173e-01
6.639765295258270861e-01 -6.179467979996859928e-01
6.762723911837127400e-01 -9.372502696663198574e-01
6.885682528415985049e-01 -1.127943348713286387e+00
7.008641144994841587e-01 -1.180202042488605052e+00
7.131599761573698126e-01 -1.270915632559389774e+00
7.254558378152555775e-01 -8.582307323510448560e-01
7.377516994731412314e-01 -7.134249290625251927e-01
7.500475611310268853e-01 -8.648709420233025025e-01
7.623434227889125392e-01 -7.619768776648407904e-01
7.746392844467983041e-01 -6.156801730008524265e-01
7.869351461046839580e-01 -1.366388942982719179e-01
7.992310077625696119e-01 -2.083132093156816744e-01
8.115268694204553768e-01 -8.944004231967062069e-02
8.238227310783410307e-01 3.593755339598995735e-01
8.361185927362266845e-01 3.244864605087103282e-01
8.484144543941123384e-01 8.173780027352779420e-01
8.607103160519981033e-01 1.003900600224505446e+00
8.730061777098837572e-01 7.849027742152604459e-01
8.853020393677694111e-01 9.318183030672615441e-01
8.975979010256551760e-01 9.054020989888124094e-01
9.098937626835408299e-01 9.345995823549754222e-01
9.221896243414264838e-01 7.899955615010235688e-01
9.344854859993122487e-01 6.417543689604878754e-01
9.467813476571979026e-01 5.690423740643695272e-01
9.590772093150835564e-01 5.949669474565121297e-01
9.713730709729692103e-01 4.440042123836282495e-01
9.836689326308549752e-01 2.936774055692493168e-01
9.959647942887406291e-01 3.282967896923899564e-01
1.008260655946626283e+00 -1.092472743712945976e-01
1.020556517604511937e+00 -2.025555146287449926e-01
1.032852379262397591e+00 -4.169043185739279012e-01
1.045148240920283467e+00 -5.223641599260134827e-01
1.057444102578169121e+00 -4.652237480033216133e-01
1.069739964236054774e+00 -1.008387364466379221e+00
1.082035825893940428e+00 -9.235252551049311087e-01
1.094331687551826082e+00 -1.605129096645890652e+00
1.106627549209711736e+00 -8.866261414572380595e-01
1.118923410867597612e+00 -8.510342741303504877e-01
1.131219272525483266e+00 -8.662517184254054925e-01
1.143515134183368920e+00 -8.930117143758581344e-01
1.155810995841254574e+00 -5.344073866724350363e-01
1.168106857499140228e+00 -9.718468434583613647e-01
1.180402719157025881e+00 -3.933728871785389658e-01
1.192698580814911535e+00 -1.536192240825588196e-01
1.204994442472797411e+00 2.849922196017799503e-01
1.217290304130683065e+00 5.273422037187471823e-01
1.229586165788568719e+00 6.977446351147531534e-01
1.241882027446454373e+00 5.277316547596120344e-01
1.254177889104340027e+00 7.780841721606547301e-01
1.266473750762225681e+00 8.901683766323715830e-01
1.278769612420111335e+00 7.127282731933430870e-01
1.291065474077997211e+00 1.041159321671812465e+00
1.303361335735882864e+00 8.122619035582122615e-01
1.315657197393768518e+00 1.082866835858576238e+00
1.327953059051654172e+00 6.688852017572778363e-01
1.340248920709539826e+00 1.041798788129547848e+00
1.352544782367425480e+00 6.793184075446390136e-01
1.364840644025311134e+00 2.200206689590065712e-01
1.377136505683197010e+00 2.449511029714883936e-01
1.389432367341082664e+00 4.284494591053067958e-01
1.401728228998968317e+00 -2.570037929432468504e-02
1.414024090656853971e+00 -1.431890899547870466e-01
1.426319952314739625e+00 -4.052269131946835690e-01
1.438615813972625279e+00 -7.834507583945240494e-01
1.450911675630511155e+00 -6.052390205426155800e-01
1.463207537288396809e+00 -8.298477716215830746e-01
1.475503398946282463e+00 -7.257437212818440564e-01
1.487799260604168117e+00 -1.058695141916104809e+00
1.500095122262053771e+00 -1.030488680841222582e+00
1.512390983919939424e+00 -6.316143494885202436e-01
1.524686845577825078e+00 -1.109136332299445193e+00
1.536982707235710954e+00 -8.637557372948206913e-01
1.549278568893596608e+00 -1.112602627974338620e+00
1.561574430551482262e+00 -6.709098774108294139e-01
1.573870292209367916e+00 -1.711140613831079460e-01
1.586166153867253570e+00 -6.049388857524099494e-01
1.598462015525139224e+00 -2.373758740982307991e-01
1.610757877183024878e+00 3.407833877947038514e-01
1.623053738840910754e+00 9.064474004480251867e-01
1.635349600498796407e+00 8.963422824320976812e-02
1.647645462156682061e+00 6.524325657094676156e-01
1.659941323814567715e+00 8.856843763256837532e-01
1.672237185472453369e+00 8.179102159715538889e-01
1.684533047130339023e+00 1.222162401782564523e+00
1.696828908788224677e+00 9.348905717116068326e-01
1.709124770446110553e+00 1.221569675366832142e+00
1.721420632103996207e+00 8.945595553814609247e-01
1.733716493761881861e+00 1.309830337484368501e+00
1.746012355419767514e+00 3.456609576545111584e-01
1.758308217077653168e+00 5.103051604600452595e-01
1.770604078735538822e+00 8.649622724716419242e-01
1.782899940393424698e+00 4.443644744407231340e-01
1.795195802051310352e+00 3.651407567634399887e-01
1.807491663709196006e+00 -9.820752303330168576e-02
1.819787525367081660e+00 -3.021249303103424322e-01
1.832083387024967314e+00 -4.623667783387162000e-01
1.844379248682852968e+00 -8.039206511980450109e-01
1.856675110340738621e+00 -5.252597113353740799e-01
1.868970971998624497e+00 -7.736621918927584218e-01
1.881266833656510151e+00 -5.140124969605748273e-01
1.893562695314395805e+00 -1.267363137300821618e+00
1.905858556972281459e+00 -1.047158804753583805e+00
1.918154418630167113e+00 -6.370625813962460526e-01
1.930450280288052767e+00 -8.266986237901716716e-01
1.942746141945938421e+00 -1.086793097156100174e+00
1.955042003603824297e+00 -5.345001373164877112e-01
1.967337865261709950e+00 -7.544872520036163266e-01
1.979633726919595604e+00 -4.889808255303222939e-01
1.991929588577481258e+00 -3.855479979387519407e-01
2.004225450235367134e+00 1.376424477602419816e-01
2.016521311893252566e+00 5.139667644009859870e-01
2.028817173551138442e+00 2.614205602350838653e-01
2.041113035209023874e+00 7.005063232879498170e-01
2.053408896866909750e+00 7.153855352268594370e-01
2.065704758524795182e+00 1.341964732130926929e+00
2.078000620182681057e+00 9.650070891909259263e-01
2.090296481840566933e+00 8.799056973274340665e-01
2.102592343498452365e+00 9.071947827723823021e-01
2.114888205156338241e+00 9.246625605516339830e-01
2.127184066814223673e+00 1.064991137920480613e+00
2.139479928472109549e+00 1.038669021764161426e+00
2.151775790129994981e+00 5.339375153159175991e-01
2.164071651787880857e+00 4.410596154513743428e-01
2.176367513445766733e+00 2.228947654551315105e-01
2.188663375103652164e+00 7.750936653420285871e-02
2.200959236761538040e+00 8.460544336135840393e-02
2.213255098419423472e+00 -2.367193383684820240e-01
2.225550960077309348e+00 -3.351850919299762532e-01
2.237846821735195224e+00 -5.326234061562584721e-01
2.250142683393080656e+00 -8.817925468579345116e-01
2.262438545050966532e+00 -1.135255541046141570e+00
2.274734406708851964e+00 -1.182654209581382343e+00
2.287030268366737840e+00 -7.866080731759809153e-01
2.299326130024623271e+00 -1.142214745654690056e+00
2.311621991682509147e+00 -9.408019230747932671e-01
2.323917853340395023e+00 -7.371968438813711888e-01
2.336213714998280455e+00 -1.201578090909040109e+00
2.348509576656166331e+00 -1.058871334330959257e+00
2.360805438314051763e+00 -6.646189475141145442e-01
2.373101299971937639e+00 -5.304564362509217590e-01
2.385397161629823071e+00 -4.490274954539739682e-01
2.397693023287708947e+00 2.542236937654068774e-01
2.409988884945594823e+00 -1.273156138647136837e-01
2.422284746603480254e+00 1.631335994733673633e-02
2.434580608261366130e+00 5.320412864053459812e-01
2.446876469919251562e+00 3.593748694883768247e-01
2.459172331577137438e+00 7.955539537434833663e-01
2.471468193235022870e+00 7.694954075358906298e-01
2.483764054892908746e+00 1.077645010572555018e+00
2.496059916550794622e+00 1.278764455134369316e+00
2.508355778208680054e+00 1.056195290016134880e+00
2.520651639866565930e+00 1.199983368891734514e+00
2.532947501524451361e+00 1.171629849273896351e+00
2.545243363182337237e+00 5.535588220847063035e-01
2.557539224840222669e+00 3.887358743011020135e-01
2.569835086498108545e+00 7.757506934141751298e-01
2.582130948155994421e+00 5.783756479192394551e-01
2.594426809813879853e+00 -3.866802873556443587e-02
2.606722671471765729e+00 -1.321930141779291690e-01
2.619018533129651161e+00 -3.474406258683118143e-01
2.631314394787537037e+00 -2.723501620518963273e-01
2.643610256445422468e+00 -4.083396078856116884e-01
2.655906118103308344e+00 -1.059812790604616861e+00
2.668201979761194220e+00 -9.710772034881602899e-01
2.680497841419079652e+00 -4.973857716020981812e-01
2.692793703076965528e+00 -9.072165856279389429e-01
2.705089564734850960e+00 -1.110230313307504657e+00
2.717385426392736836e+00 -8.983102096039393691e-01
2.729681288050622268e+00 -1.158390300115512472e+00
2.741977149708508144e+00 -9.661633604269557196e-01
2.754273011366394019e+00 -6.836825392126493206e-01
2.766568873024279451e+00 -5.794745908174292470e-01
2.778864734682165327e+00 -5.746293432819764568e-01
2.791160596340050759e+00 -3.183833309689781399e-01
2.803456457997936635e+00 9.552522986941694438e-02
2.815752319655822067e+00 3.245847136654438914e-01
2.828048181313707943e+00 6.687198282962314444e-01
2.840344042971593819e+00 4.329917953043906920e-01
2.852639904629479251e+00 9.993523553371631563e-01
2.864935766287365126e+00 5.279581407026885387e-01
2.877231627945250558e+00 1.075087767367851610e+00
2.889527489603136434e+00 9.910630143978202966e-01
2.901823351261022310e+00 6.687802688081017077e-01
2.914119212918907742e+00 1.088492103400346966e+00
2.926415074576793618e+00 1.392993212063029063e+00
2.938710936234679050e+00 1.006861905134215363e+00
2.951006797892564926e+00 5.440043275413528612e-01
2.963302659550450358e+00 3.049979439265897430e-01
2.975598521208336233e+00 3.663944484619677255e-01
2.987894382866222109e+00 1.302039276633524811e-01
3.000190244524107541e+00 2.316085811549303264e-01
3.012486106181993417e+00 -2.908595377958169692e-01
3.024781967839878849e+00 -3.646434363218401531e-01
3.037077829497764725e+00 -5.376834800364940214e-01
3.049373691155650157e+00 -9.988828376860163782e-01
3.061669552813536033e+00 -1.011998241865911030e+00
3.073965414471421909e+00 -9.237630358941203434e-01
3.086261276129307340e+00 -1.068395883309607219e+00
3.098557137787193216e+00 -9.180985822130802720e-01
3.110852999445078648e+00 -6.575126836024722810e-01
3.123148861102964524e+00 -9.790902551864314463e-01
3.135444722760849956e+00 -5.671379388825390500e-01
3.147740584418735832e+00 -9.556121624933150427e-01
3.160036446076621708e+00 -5.237250708728736770e-01
3.172332307734507140e+00 -3.521364778399695972e-01
3.184628169392393016e+00 -4.004007358242001047e-01
3.196924031050278447e+00 -7.593889034407440286e-02
3.209219892708164323e+00 2.265330872033862464e-01
3.221515754366049755e+00 3.670277128091181673e-02
3.233811616023935631e+00 6.464120103063678568e-01
3.246107477681821507e+00 5.465843832314428719e-01
3.258403339339706939e+00 7.399323907135695322e-01
3.270699200997592815e+00 8.607845137480830688e-01
3.282995062655478247e+00 8.755774759924159767e-01
3.295290924313364123e+00 1.005667091530582757e+00
3.307586785971249554e+00 8.847571992086823434e-01
3.319882647629135430e+00 6.023480507338488943e-01
3.332178509287021306e+00 9.120455002492121599e-01
3.344474370944906738e+00 4.799135788638947964e-01
3.356770232602792614e+00 9.074357283922476203e-01
3.369066094260678046e+00 4.673655502314306709e-01
3.381361955918563922e+00 3.821062995690927555e-01
3.393657817576449354e+00 7.901394290766676487e-02
3.405953679234335230e+00 -1.873071622714655993e-01
3.418249540892221106e+00 -4.164072138351031516e-01
3.430545402550106537e+00 -4.892400036073124570e-01
3.442841264207992413e+00 -7.420357678543209046e-01
3.455137125865877845e+00 -6.576986669886842884e-01
3.467432987523763721e+00 -1.143729115927364370e+00
3.479728849181649597e+00 -7.139692185049121287e-01
3.492024710839535029e+00 -1.408861655205167374e+00
3.504320572497420905e+00 -1.022866868753365077e+00
3.516616434155306337e+00 -6.633518246476429736e-01
3.528912295813192213e+00 -8.647570440420853100e-01
3.541208157471077644e+00 -1.111069638758632294e+00
3.553504019128963520e+00 -6.107360795213100380e-01
3.565799880786849396e+00 -7.023295332866171803e-01
3.578095742444734828e+00 -3.709217035174982025e-01
3.590391604102620704e+00 1.547199104641145129e-01
3.602687465760506136e+00 -3.409836727368000669e-02
3.614983327418392012e+00 3.909639904853556835e-01
3.627279189076277444e+00 5.451435902125625343e-01
3.639575050734163320e+00 6.874693927278482386e-01
3.651870912392049195e+00 1.006003100247308879e+00
3.664166774049934627e+00 9.457180942531088208e-01
3.676462635707820503e+00 7.723815393206795443e-01
3.688758497365705935e+00 1.182230670365852276e+00
3.701054359023591811e+00 1.110043737651811524e+00
3.713350220681477243e+00 3.816978559116283032e-01
3.725646082339363119e+00 7.674190971236340975e-01
3.737941943997248995e+00 8.153958178354654418e-01
3.750237805655134427e+00 5.610124783035663754e-01
3.762533667313020302e+00 7.304615112217965889e-01
3.774829528970905734e+00 6.500549203613108507e-01
3.787125390628791610e+00 -1.838464894098512104e-01
3.799421252286677042e+00 1.730417495303164521e-03
3.811717113944562918e+00 -3.923116085238792516e-02
3.824012975602448794e+00 -5.480213735888139759e-03
3.836308837260334226e+00 -3.259214112660102636e-01
3.848604698918220102e+00 -8.011004961837221439e-01
3.860900560576105534e+00 -1.120515903191600549e+00
3.873196422233991409e+00 -9.245513602439985323e-01
3.885492283891876841e+00 -1.108347416684353659e+00
3.897788145549762717e+00 -9.903174186986759553e-01
3.910084007207648593e+00 -8.683944651312671681e-01
3.922379868865534025e+00 -1.296178167495824152e+00
3.934675730523419901e+00 -8.141718916841563791e-01
3.946971592181305333e+00 -6.674935646191013650e-01
3.959267453839191209e+00 -4.615155419794094716e-01
3.971563315497076641e+00 -3.141648971416979297e-01
3.983859177154962516e+00 -1.848903550749164681e-01
3.996155038812848392e+00 -2.579157227654994139e-02
4.008450900470734268e+00 5.928217877186538198e-02
4.020746762128619700e+00 1.140095349467186714e-01
4.033042623786505132e+00 5.792172214195205893e-01
4.045338485444390564e+00 8.839131287574175655e-01
4.057634347102276884e+00 5.811193219138440780e-01
4.069930208760162316e+00 6.499740263997435541e-01
4.082226070418047748e+00 7.831014012185204543e-01
4.094521932075934068e+00 9.296379202269089426e-01
4.106817793733819499e+00 1.017310371102964295e+00
4.119113655391704931e+00 9.369076619223530855e-01
4.131409517049590363e+00 9.276938978197603047e-01
4.143705378707476683e+00 6.565264481913786199e-01
4.156001240365362115e+00 2.868648987971008091e-01
4.168297102023247547e+00 2.704079089761919907e-01
4.180592963681133867e+00 2.199193228419412671e-01
4.192888825339019299e+00 2.682758099781858419e-01
4.205184686996904730e+00 -1.030633075088806250e-02
4.217480548654790162e+00 -2.501639607668528220e-01
4.229776410312676482e+00 -1.567043913049391834e-01
4.242072271970561914e+00 -6.390741264376237352e-01
4.254368133628447346e+00 -7.631300407735605029e-01
4.266663995286333666e+00 -7.524175141163312874e-01
4.278959856944219098e+00 -7.925035839249681135e-01
4.291255718602104530e+00 -9.651749118746465461e-01
4.303551580259989962e+00 -1.075731986136497120e+00
4.315847441917876282e+00 -1.082584388870193592e+00
4.328143303575761713e+00 -1.115616762691967523e+00
4.340439165233647145e+00 -7.779667440299236070e-01
4.352735026891533465e+00 -1.180922632365225544e-01
4.365030888549418897e+00 -3.777014634654843328e-01
4.377326750207304329e+00 -8.340721712642837904e-01
4.389622611865189761e+00 -5.082390168059757185e-01
4.401918473523076081e+00 -1.031562326301077165e-01
4.414214335180961513e+00 3.340364509620216693e-01
4.426510196838846944e+00 5.320716739891780955e-01
4.438806058496733264e+00 8.281581413879348652e-01
4.451101920154618696e+00 6.052097518598824610e-01
4.463397781812504128e+00 5.018455790338576250e-01
4.475693643470390448e+00 8.128010470751605432e-01
4.487989505128275880e+00 6.425298533530328093e-01
4.500285366786161312e+00 1.012133154009441594e+00
4.512581228444046744e+00 9.419323932109424646e-01
4.524877090101933064e+00 8.205191353138918675e-01
4.537172951759818496e+00 9.314730618945591401e-01
4.549468813417703927e+00 7.761932570618897964e-01
4.561764675075590247e+00 5.676838311055889541e-01
4.574060536733475679e+00 2.913453202085266591e-01
4.586356398391361111e+00 2.095647244789072827e-01
4.598652260049246543e+00 2.310412927969362762e-01
4.610948121707132863e+00 -4.817636934866333931e-01
4.623243983365018295e+00 -2.435860357992015723e-01
4.635539845022903727e+00 -4.802872751458688860e-01
4.647835706680790047e+00 -7.845653276936217502e-01
4.660131568338675478e+00 -8.236581514101476431e-01
4.672427429996560910e+00 -1.020676633630460683e+00
4.684723291654446342e+00 -1.290675829289130494e+00
4.697019153312332662e+00 -1.114968884370386437e+00
4.709315014970218094e+00 -1.036176095769453687e+00
4.721610876628103526e+00 -5.889441105810386823e-01
4.733906738285989846e+00 -5.440118913365235009e-01
4.746202599943875278e+00 -6.835534044502821205e-01
4.758498461601760710e+00 -3.253909383313508541e-01
4.770794323259646141e+00 -4.006352365122343717e-01
4.783090184917532461e+00 -6.735679878227429640e-02
4.795386046575417893e+00 -6.932455309023938250e-02
4.807681908233303325e+00 -8.728715965413556821e-02
4.819977769891189645e+00 4.841076988718917007e-01
4.832273631549075077e+00 4.532978873811531750e-01
4.844569493206960509e+00 3.361152176381159151e-01
4.856865354864845941e+00 4.015470254720112653e-01
4.869161216522732261e+00 1.021006694702624173e+00
4.881457078180617692e+00 1.564945426068896417e+00
4.893752939838503124e+00 1.388091863784320257e+00
4.906048801496389444e+00 4.209787205456945181e-01
4.918344663154274876e+00 1.113092531411176367e+00
4.930640524812160308e+00 8.049115319718147532e-01
4.942936386470045740e+00 1.175486366058883902e+00
4.955232248127932060e+00 8.389290104603720488e-01
4.967528109785817492e+00 1.299456832835182984e-01
4.979823971443702924e+00 2.452775548165739283e-01
4.992119833101589244e+00 1.420522190014394392e-01
5.004415694759474675e+00 -1.269864110020463011e-01
5.016711556417360107e+00 -1.470578481685777539e-01
5.029007418075245539e+00 -6.892303779111214057e-02
5.041303279733131859e+00 -6.416160500805394573e-01
5.053599141391017291e+00 -4.442382670102951181e-01
5.065895003048902723e+00 -9.855696233672225359e-01
5.078190864706789043e+00 -9.078102531353209326e-01
5.090486726364674475e+00 -8.560537890384645188e-01
5.102782588022559906e+00 -7.979741668411417521e-01
5.115078449680445338e+00 -1.100034674758190167e+00
5.127374311338331658e+00 -9.610634683083103535e-01
5.139670172996217090e+00 -1.247387652654728951e+00
5.151966034654102522e+00 -8.622519547372211601e-01
5.164261896311988842e+00 -8.532074022606905839e-01
5.176557757969874274e+00 -4.862930068093448410e-01
5.188853619627759706e+00 -8.080157349457184335e-02
5.201149481285645138e+00 1.749926743845291732e-01
5.213445342943531458e+00 1.299539906032193826e-01
5.225741204601416889e+00 5.259218391308314589e-01
5.238037066259302321e+00 5.270416103511950112e-01
5.250332927917188641e+00 6.986391766169682827e-01
5.262628789575074073e+00 9.975938267621100586e-01
5.274924651232959505e+00 5.946337385524633756e-01
5.287220512890844937e+00 8.505259283489240429e-01
5.299516374548731257e+00 1.005934843643058851e+00
5.311812236206616689e+00 1.076345526809216802e+00
5.324108097864502120e+00 1.005574911381409420e+00
5.336403959522388440e+00 8.194603198759504714e-01
5.348699821180273872e+00 3.048891265943479700e-01
5.360995682838159304e+00 6.879190092175961890e-01
5.373291544496044736e+00 5.079764099156161006e-01
5.385587406153931056e+00 2.352467154844320452e-01
5.397883267811816488e+00 7.157126384798498386e-02
5.410179129469701920e+00 8.200647940617034060e-02
5.422474991127588240e+00 -4.063985131554144203e-01
5.434770852785473672e+00 -4.502047405002956859e-01
5.447066714443359103e+00 -7.557460752509739255e-01
5.459362576101244535e+00 -9.730447880122691240e-01
5.471658437759130855e+00 -6.540526233281402924e-01
5.483954299417016287e+00 -1.001434509209741197e+00
5.496250161074901719e+00 -1.032311912899038786e+00
5.508546022732788039e+00 -8.605971692570828502e-01
5.520841884390673471e+00 -7.806641657407711321e-01
5.533137746048558903e+00 -9.439543309570620488e-01
5.545433607706444334e+00 -6.408187372418636674e-01
5.557729469364330654e+00 -4.694203476459910540e-01
5.570025331022216086e+00 -4.024482742394691615e-01
5.582321192680101518e+00 -3.557807353147363627e-01
5.594617054337987838e+00 -8.126294728356003860e-02
5.606912915995873270e+00 1.194030389245656909e-01
5.619208777653758702e+00 3.578727210627379307e-01
5.631504639311644134e+00 4.864714939685263473e-01
5.643800500969530454e+00 3.906361702401361935e-01
5.656096362627415886e+00 6.478455969580495521e-01
5.668392224285301317e+00 8.658456867878027152e-01
5.680688085943187637e+00 9.427746006948082291e-01
5.692983947601073069e+00 1.157914681296847714e+00
5.705279809258958501e+00 7.013613377077493327e-01
5.717575670916844821e+00 1.312161312163696580e+00
5.729871532574730253e+00 9.604346370117267107e-01
5.742167394232615685e+00 1.038148457406170788e+00
5.754463255890501117e+00 6.050252535836998513e-01
5.766759117548387437e+00 3.055748444506508066e-01
5.779054979206272868e+00 2.263610318082663053e-01
5.791350840864158300e+00 -6.832167384464574167e-02
5.803646702522044620e+00 -1.730988861746111940e-01
5.815942564179930052e+00 -5.861159577275921739e-01
5.828238425837815484e+00 -7.508959145098983434e-01
5.840534287495700916e+00 -6.157185232821678067e-01
5.852830149153587236e+00 -7.636448175271199901e-01
5.865126010811472668e+00 -6.932147720928192314e-01
5.877421872469358100e+00 -7.363494829070513781e-01
5.889717734127244420e+00 -1.271369572707126805e+00
5.902013595785129851e+00 -1.122512760257858844e+00
5.914309457443015283e+00 -6.477222357749788939e-01
5.926605319100900715e+00 -1.357108257368528248e+00
5.938901180758787035e+00 -8.247931544815190197e-01
5.951197042416672467e+00 -8.080999628524294653e-01
5.963492904074557899e+00 -3.576157266717533423e-01
5.975788765732444219e+00 -4.861870134921477127e-01
5.988084627390329651e+00 -1.100119646035148946e-01
6.000380489048215082e+00 1.592286865791385786e-01
6.012676350706100514e+00 -1.244751375375777180e-01
6.024972212363986834e+00 7.084507100471473251e-01
6.037268074021872266e+00 3.236796513961999189e-01
6.049563935679757698e+00 4.754036660835172512e-01
6.061859797337644018e+00 5.863386609126381988e-01
6.074155658995529450e+00 1.245270351255657104e+00
6.086451520653414882e+00 1.138721242602358075e+00
6.098747382311300314e+00 1.227740393693791399e+00
6.111043243969186634e+00 1.153734854016379874e+00
6.123339105627072065e+00 8.899009400273109049e-01
6.135634967284957497e+00 4.885537309480387780e-01
6.147930828942843817e+00 6.719244349465758326e-01
6.160226690600729249e+00 8.334653894813923714e-01
6.172522552258614681e+00 9.162056122839949968e-01
6.184818413916500113e+00 1.779785925730253404e-01
6.197114275574386433e+00 1.446241070423562869e-01
6.209410137232271865e+00 -8.443059955819398610e-03
6.221705998890157296e+00 -4.659839104131480170e-01
6.234001860548043616e+00 -6.878847482914222100e-01
6.246297722205929048e+00 -8.707703022808905846e-01
6.258593583863814480e+00 -8.733310185895308830e-01
6.270889445521699912e+00 -7.231621601174910152e-01
6.283185307179586232e+00 -1.013203901086069392e+00
